= {
  {
    {
      {1, 0, 1, 1, 1, 4, 0, 1, 20, -1, 1, 84, -1, -1, 0, 0, -1, 0, 1, -1, 0, -2, 1, 84, -2, -1, 0, -3, 1, 84, -3, -1, 0, -4, 1, 80, -4, -1, 0, -5, 1, 64, -5, 0, 0, -5, -1, 0},
      {1, 0, 5, 1, 1, 4, 0, 1, 16, -1, 1, 64, -1, 0, 64, -1, -1, 64, 1, -1, 5, -1, -2, 64, 1, -2, 5, -1, -3, 64, 1, -3, 5, -1, -4, 0, 1, -4, 1, -1, -5, 0, 0, -5, 0, 1, -5, 0},
      {1, 1, 84, 0, 1, 80, -1, 1, 64, -1, 0, 0, -1, -1, 0, 0, -1, 0, 1, -1, 0, 2, 1, 84, 2, -1, 0, 3, 1, 84, 3, -1, 0, 4, 1, 20, 4, -1, 0, 5, 0, 1, 5, 1, 4, 5, -1, 0},
    },
    {
      {1, 0, 1, 1, 1, 4, 0, 1, 20, -1, 1, 84, -1, -1, 0, 0, -1, 0, 1, -1, 0, -2, 1, 85, -2, -1, 0, -3, -1, 0, -4, 1, 64, -4, 0, 0, -4, -1, 0, -2, 2, 4, -3, 2, 16, -4, 2, 64},
      {1, 0, 1, 1, 1, 4, 0, 1, 20, -1, 1, 84, -1, -1, 0, 0, -1, 0, 1, -1, 0, -2, 1, 84, -2, -1, 1, -3, 1, 80, -4, 1, 64, -4, 0, 64, -4, -1, 0, -4, -2, 0, -3, -2, 0, -2, -2, 0},
      {1, 0, 5, 1, 1, 4, 0, 1, 16, -1, 1, 64, -1, 0, 64, -1, -1, 64, 1, -1, 5, -1, -2, 80, 1, -2, 5, 1, -3, 1, -1, -4, 0, 0, -4, 0, 1, -4, 0, -2, -2, 64, -2, -3, 0, -2, -4, 0},
      {1, 0, 5, 1, 1, 4, 0, 1, 16, -1, 1, 64, -1, 0, 64, -1, -1, 64, 1, -1, 5, -1, -2, 64, 1, -2, 21, -1, -3, 0, -1, -4, 0, 0, -4, 0, 1, -4, 0, 2, -3, 1, 2, -2, 4, 2, -4, 0},
      {1, 1, 84, 0, 1, 80, -1, 1, 64, -1, 0, 0, -1, -1, 0, 0, -1, 0, 1, -1, 0, 2, 1, 84, 2, -1, 0, 3, 1, 20, 4, 0, 5, 4, 1, 4, 4, -1, 1, 2, -2, 0, 3, -2, 0, 4, -2, 0},
      {1, 1, 84, 0, 1, 80, -1, 1, 64, -1, 0, 0, -1, -1, 0, 0, -1, 0, 1, -1, 0, 2, 1, 84, 2, -1, 0, 3, -1, 0, 4, 0, 1, 4, 1, 5, 4, -1, 0, 4, 2, 4, 3, 2, 16, 2, 2, 64},
      {1, 0, 5, 1, 1, 4, 0, 1, 16, -1, 1, 64, -1, 0, 84, 1, -1, 1, -1, -2, 0, 0, -2, 0, 1, -2, 0, -2, 0, 84, -2, -2, 0, -3, 0, 80, -3, -2, 0, -4, 0, 64, -4, -1, 0, -4, -2, 0},
      {1, 0, 1, 1, 1, 4, 0, 1, 20, -1, 1, 80, 0, -1, 5, 1, -1, 0, -2, 1, 64, -2, 0, 64, -2, -1, 64, -2, -2, 64, 0, -2, 5, -2, -3, 0, 0, -3, 1, -2, -4, 0, -1, -4, 0, 0, -4, 0},
      {1, 1, 20, 0, 1, 80, -1, 1, 64, -1, 0, 0, -1, -1, 0, 0, -1, 64, 2, 0, 5, 2, 1, 4, 2, -1, 5, 0, -2, 64, 2, -2, 5, 0, -3, 0, 2, -3, 1, 0, -4, 0, 1, -4, 0, 2, -4, 0},
      {1, 0, 85, 1, 1, 4, 0, 1, 16, -1, 1, 64, -1, 0, 64, -1, -1, 0, -1, -2, 0, 0, -2, 0, 1, -2, 0, 2, 0, 84, 2, -2, 0, 3, 0, 20, 3, -2, 0, 4, -1, 1, 4, 0, 4, 4, -2, 0},
    },
    {
      {1, 0, 1, 1, 1, 4, 0, 1, 20, -1, 1, 84, -1, -1, 1, 0, -1, 0, 1, -1, 0, -2, 1, 84, -3, 1, 80, -3, -1, 0, -4, 1, 64, -4, 0, 0, -4, -1, 0, -3, -2, 0, -2, -2, 0, -1, -2, 0},
      {1, 0, 1, 1, 1, 4, 0, 1, 20, -1, 1, 85, -1, -1, 0, 0, -1, 0, 1, -1, 0, -2, -1, 0, -3, 1, 80, -3, -1, 0, -4, 1, 64, -4, 0, 0, -4, -1, 0, -1, 2, 4, -2, 2, 16, -3, 2, 64},
      {1, 1, 84, 0, 1, 80, -1, 1, 64, -1, 0, 0, -1, -1, 0, 0, -1, 0, 1, -1, 0, 2, -1, 0, 3, 1, 21, 3, -1, 0, 4, 0, 1, 4, 1, 4, 4, -1, 0, 3, 2, 4, 2, 2, 16, 1, 2, 64},
      {1, 1, 84, 0, 1, 80, -1, 1, 64, -1, 0, 0, -1, -1, 0, 0, -1, 0, 1, -1, 0, 2, 1, 84, 3, 1, 20, 3, -1, 1, 4, 0, 1, 4, 1, 4, 4, -1, 0, 1, -2, 0, 2, -2, 0, 3, -2, 0},
      {1, 0, 5, 1, 1, 4, 0, 1, 16, -1, 1, 64, -1, 0, 64, -1, -1, 80, 1, -1, 5, 1, -2, 5, -1, -3, 0, 1, -3, 1, -1, -4, 0, 0, -4, 0, 1, -4, 0, -2, -1, 64, -2, -2, 0, -2, -3, 0},
      {1, 0, 5, 1, 1, 4, 0, 1, 16, -1, 1, 64, -1, 0, 64, -1, -1, 64, 1, -1, 21, -1, -2, 64, -1, -3, 0, 1, -3, 1, -1, -4, 0, 0, -4, 0, 1, -4, 0, 2, -2, 1, 2, -1, 4, 2, -3, 0},
      {1, 0, 1, 1, 1, 4, 0, 1, 20, -1, 1, 84, 0, -1, 1, 1, -1, 0, -2, 1, 84, -2, -1, 0, -3, 1, 80, -3, -1, 0, -4, 1, 64, -4, 0, 0, -4, -1, 0, -2, -2, 0, -1, -2, 0, 0, -2, 0},
      {1, 0, 1, 1, 1, 4, 0, 1, 21, -1, -1, 0, 0, -1, 0, 1, -1, 0, -2, 1, 84, -2, -1, 0, -3, 1, 80, -3, -1, 0, -4, 1, 64, -4, 0, 0, -4, -1, 0, 0, 2, 4, -1, 2, 16, -2, 2, 64},
      {1, 1, 84, 0, 1, 80, -1, 1, 64, -1, 0, 0, -1, -1, 0, 0, -1, 0, 2, 1, 84, 2, -1, 1, 3, 1, 20, 3, -1, 0, 4, 0, 1, 4, 1, 4, 4, -1, 0, 0, -2, 0, 1, -2, 0, 2, -2, 0},
      {0, 1, 80, -1, 1, 64, -1, 0, 0, -1, -1, 0, 0, -1, 0, 1, -1, 0, 2, 1, 85, 2, -1, 0, 3, 1, 20, 3, -1, 0, 4, 0, 1, 4, 1, 4, 4, -1, 0, 2, 2, 4, 1, 2, 16, 0, 2, 64},
      {1, 0, 5, 1, 1, 4, 0, 1, 16, -1, 1, 64, -1, 0, 80, 1, -1, 5, -1, -2, 64, 1, -2, 5, -2, 0, 64, -2, -1, 0, -2, -2, 0, -1, -3, 0, 1, -3, 1, -1, -4, 0, 0, -4, 0, 1, -4, 0},
      {1, 0, 21, 1, 1, 4, 0, 1, 16, -1, 1, 64, -1, 0, 64, -1, -1, 64, -1, -2, 64, 1, -2, 5, 2, -1, 1, 2, 0, 4, 2, -2, 0, -1, -3, 0, 1, -3, 1, -1, -4, 0, 0, -4, 0, 1, -4, 0},
      {1, 0, 21, 1, 1, 4, 0, 1, 16, -1, 1, 64, -1, 0, 84, -1, -2, 0, 0, -2, 0, 1, -2, 0, -2, 0, 80, -2, -2, 0, -3, 0, 64, -3, -1, 0, -3, -2, 0, 2, -1, 1, 2, 0, 4, 2, -2, 0},
      {1, 0, 85, 1, 1, 4, 0, 1, 16, -1, 1, 64, -1, 0, 80, -1, -2, 0, 0, -2, 0, 1, -2, 0, -2, 0, 64, -2, -1, 0, -2, -2, 0, 2, 0, 20, 2, -2, 0, 3, -1, 1, 3, 0, 4, 3, -2, 0},
    },
    {
      {1, 1, 20, 0, 1, 80, -1, 1, 64, -1, 0, 0, -1, -1, 0, 0, -1, 64, 2, 0, 5, 2, 1, 4, 2, -1, 21, 0, -2, 0, 0, -3, 0, 1, -3, 0, 2, -3, 0, 3, -2, 1, 3, -1, 4, 3, -3, 0},
      {1, 0, 85, 1, 1, 4, 0, 1, 16, -1, 1, 64, -1, 0, 64, -1, -1, 0, -1, -2, 0, 0, -2, 0, 1, -2, 0, 2, 0, 20, 3, -1, 5, 3, 0, 4, 3, -2, 1, 1, -3, 0, 2, -3, 0, 3, -3, 0},
      {1, 0, 5, 1, 1, 4, 0, 1, 16, -1, 1, 64, -1, 0, 84, 1, -1, 1, -1, -2, 1, 0, -2, 0, 1, -2, 0, -2, 0, 80, -3, 0, 64, -3, -1, 64, -3, -2, 0, -3, -3, 0, -2, -3, 0, -1, -3, 0},
      {1, 0, 1, 1, 1, 4, 0, 1, 20, -1, 1, 80, 0, -1, 5, 1, -1, 0, -2, 1, 64, -2, 0, 64, -2, -1, 80, 0, -2, 1, -2, -3, 0, -1, -3, 0, 0, -3, 0, -3, -1, 64, -3, -2, 0, -3, -3, 0},
      {1, 0, 1, 1, 1, 4, 0, 1, 21, -1, -1, 0, 0, -1, 0, 1, -1, 0, -2, 1, 64, -2, 0, 0, -2, -1, 0, 0, 2, 5, 0, 3, 4, -1, 3, 20, -2, 3, 80, -3, 3, 64, -3, 2, 0, -3, 1, 0},
      {1, 0, 1, 1, 1, 5, -1, 0, 0, -1, -1, 0, 0, -1, 0, 1, -1, 0, 1, 2, 4, 0, 2, 20, -1, 2, 85, -2, 0, 0, -3, 2, 64, -3, 1, 0, -3, 0, 0, -1, 3, 4, -2, 3, 16, -3, 3, 64},
      {1, 0, 1, -1, 1, 64, -1, 0, 0, -1, -1, 0, 0, -1, 0, 1, -1, 0, 1, 2, 84, 0, 2, 80, -1, 2, 64, 2, 0, 0, 3, 1, 1, 3, 2, 5, 3, 0, 0, 3, 3, 4, 2, 3, 16, 1, 3, 64},
      {0, 1, 80, -1, 1, 64, -1, 0, 0, -1, -1, 0, 0, -1, 0, 1, -1, 0, 2, 0, 1, 2, 1, 5, 2, -1, 0, 0, 2, 64, 2, 3, 20, 1, 3, 80, 0, 3, 64, 3, 2, 1, 3, 3, 4, 3, 1, 0},
    },
    {
      {1, 0, 21, 1, 1, 4, 0, 1, 16, -1, 1, 64, -1, 0, 80, -1, -2, 0, 1, -2, 1, -2, 0, 64, -2, -1, 0, -2, -2, 0, -1, -3, 0, 0, -3, 0, 1, -3, 0, 2, -1, 1, 2, 0, 4, 2, -2, 0},
    },
    {
      {1, 0, 5, 1, 1, 4, 0, 1, 16, -1, 1, 64, -1, 0, 80, 1, -1, 21, -1, -2, 0, -1, -3, 0, 0, -3, 0, 1, -3, 0, 2, -2, 1, 2, -1, 4, 2, -3, 0, -2, 0, 64, -2, -1, 0, -2, -2, 0},
      {1, 0, 21, 1, 1, 4, 0, 1, 16, -1, 1, 64, -1, 0, 64, -1, -1, 80, 1, -2, 1, -1, -3, 0, 0, -3, 0, 1, -3, 0, -2, -1, 64, -2, -2, 0, -2, -3, 0, 2, -1, 1, 2, 0, 4, 2, -2, 0},
      {1, 0, 21, 1, 1, 4, 0, 1, 16, -1, 1, 64, -1, 0, 80, -2, 0, 64, -2, -1, 0, -2, -2, 0, -1, -2, 0, 0, -2, 0, 2, -1, 5, 2, 0, 4, 2, -2, 1, 0, -3, 0, 1, -3, 0, 2, -3, 0},
      {1, 0, 21, 1, 1, 4, 0, 1, 16, -1, 1, 64, -1, 0, 80, 0, -2, 1, 1, -2, 0, -2, 0, 64, -2, -1, 64, -2, -2, 0, 2, -1, 1, 2, 0, 4, 2, -2, 0, -2, -3, 0, -1, -3, 0, 0, -3, 0},
      {1, 1, 20, 0, 1, 80, -1, 1, 64, -1, 0, 80, 1, -1, 5, 2, 0, 1, 2, 1, 4, 2, -1, 0, -1, -2, 0, 1, -2, 1, -1, -3, 0, 0, -3, 0, 1, -3, 0, -2, 0, 64, -2, -1, 0, -2, -2, 0},
      {0, 1, 20, -1, 1, 80, -2, 1, 64, -2, 0, 0, -2, -1, 0, -1, -1, 64, 1, 0, 21, 1, 1, 4, -1, -2, 0, 1, -2, 1, -1, -3, 0, 0, -3, 0, 1, -3, 0, 2, -1, 1, 2, 0, 4, 2, -2, 0},
      {1, 0, 5, 1, 1, 4, 0, 1, 16, -1, 1, 64, -1, 0, 84, 1, -1, 1, 0, -2, 1, 1, -2, 0, -2, 0, 80, -2, -2, 0, -3, 0, 64, -3, -1, 0, -3, -2, 0, -2, -3, 0, -1, -3, 0, 0, -3, 0},
      {1, 0, 85, 1, 1, 4, 0, 1, 16, -1, 1, 64, -1, 0, 64, -1, -1, 0, -1, -2, 0, 0, -2, 0, 3, -1, 1, 3, 0, 4, 2, 0, 20, 2, -2, 1, 3, -2, 0, 0, -3, 0, 1, -3, 0, 2, -3, 0},
    },
    {
      {1, 0, 21, 1, 1, 4, 0, 1, 16, -1, 1, 64, -1, 0, 64, -1, -1, 0, -1, -2, 0, 0, -2, 0, 2, -1, 21, 2, 0, 4, 0, -3, 0, 1, -3, 0, 2, -3, 0, 3, -2, 1, 3, -1, 4, 3, -3, 0},
      {1, 0, 5, 1, 1, 4, 0, 1, 16, -1, 1, 64, -1, 0, 80, 1, -1, 1, 0, -2, 1, 1, -2, 0, -2, 0, 64, -2, -1, 80, -2, -3, 0, -1, -3, 0, 0, -3, 0, -3, -1, 64, -3, -2, 0, -3, -3, 0},
      {1, 0, 1, 1, 1, 4, 0, 1, 20, -1, 1, 80, 0, -1, 1, 1, -1, 0, -2, 1, 64, -2, 0, 80, -1, -2, 1, 0, -2, 0, -3, 0, 64, -3, -1, 64, -3, -2, 0, -3, -3, 0, -2, -3, 0, -1, -3, 0},
      {1, 1, 20, 0, 1, 80, -1, 1, 64, -1, 0, 0, -1, -1, 0, 0, -1, 0, 2, 0, 21, 2, 1, 4, 0, -2, 0, 1, -2, 0, 3, -1, 5, 3, 0, 4, 3, -2, 1, 1, -3, 0, 2, -3, 0, 3, -3, 0},
      {0, 1, 80, -1, 1, 64, -1, 0, 0, -1, -1, 0, 0, -1, 0, 1, -1, 0, 2, 0, 1, 2, -1, 0, 1, 2, 80, 0, 2, 64, 3, 1, 1, 3, 2, 5, 3, 0, 0, 3, 3, 4, 2, 3, 16, 1, 3, 64},
      {1, 0, 1, 1, 1, 4, 0, 1, 21, -1, -1, 0, 0, -1, 0, 1, -1, 0, -2, 0, 0, -2, -1, 0, 0, 2, 4, -1, 2, 21, -3, 2, 64, -3, 1, 0, -3, 0, 0, -1, 3, 4, -2, 3, 16, -3, 3, 64},
      {1, 0, 1, 1, 1, 5, -1, 0, 0, -1, -1, 0, 0, -1, 0, 1, -1, 0, 1, 2, 4, 0, 2, 21, -2, 1, 0, -2, 0, 0, 0, 3, 4, -1, 3, 20, -2, 3, 80, -3, 3, 64, -3, 2, 0, -3, 1, 0},
      {1, 0, 1, -1, 1, 64, -1, 0, 0, -1, -1, 0, 0, -1, 0, 1, -1, 0, 0, 2, 80, -1, 2, 64, 2, 1, 1, 2, 0, 0, 2, 3, 20, 1, 3, 80, 0, 3, 64, 3, 2, 1, 3, 3, 4, 3, 1, 0},
    },
    {
      {1, 0, 5, 1, 1, 4, 0, 1, 16, -1, 1, 64, -1, 0, 64, -1, -1, 80, 1, -1, 5, 1, -2, 1, 0, -3, 1, 1, -3, 0, -2, -1, 64, -2, -2, 64, -2, -3, 0, -2, -4, 0, -1, -4, 0, 0, -4, 0},
      {1, 0, 5, 1, 1, 4, 0, 1, 16, -1, 1, 64, -1, 0, 64, -1, -1, 64, 1, -1, 21, -1, -2, 0, -1, -3, 0, 0, -3, 0, 2, -2, 5, 2, -1, 4, 2, -3, 1, 0, -4, 0, 1, -4, 0, 2, -4, 0},
      {1, 0, 1, 1, 1, 4, 0, 1, 20, -1, 1, 84, -1, -1, 1, 0, -1, 0, 1, -1, 0, -2, 1, 80, -3, 1, 64, -3, 0, 80, -3, -2, 0, -2, -2, 0, -1, -2, 0, -4, 0, 64, -4, -1, 0, -4, -2, 0},
      {1, 1, 84, 0, 1, 80, -1, 1, 64, -1, 0, 0, -1, -1, 0, 0, -1, 0, 1, -1, 0, 2, 1, 20, 3, 0, 21, 3, 1, 4, 1, -2, 0, 2, -2, 0, 3, -2, 0, 4, -1, 1, 4, 0, 4, 4, -2, 0},
      {1, 1, 84, 0, 1, 80, -1, 1, 64, -1, 0, 0, -1, -1, 0, 0, -1, 0, 1, -1, 0, 2, -1, 0, 3, 0, 1, 3, -1, 0, 3, 2, 20, 2, 2, 80, 1, 2, 64, 4, 1, 1, 4, 2, 4, 4, 0, 0},
      {1, 0, 1, 1, 1, 4, 0, 1, 20, -1, 1, 85, -1, -1, 0, 0, -1, 0, 1, -1, 0, -2, -1, 0, -3, 0, 0, -3, -1, 0, -1, 2, 4, -2, 2, 20, -3, 2, 80, -4, 2, 64, -4, 1, 0, -4, 0, 0},
      {1, 0, 1, 1, 1, 4, 0, 1, 20, -1, 1, 80, 0, -1, 1, 1, -1, 0, -2, 1, 64, -2, 0, 84, -2, -2, 0, -1, -2, 0, 0, -2, 0, -3, 0, 80, -3, -2, 0, -4, 0, 64, -4, -1, 0, -4, -2, 0},
      {1, 1, 20, 0, 1, 80, -1, 1, 64, -1, 0, 0, -1, -1, 0, 0, -1, 0, 2, 0, 85, 2, 1, 4, 0, -2, 0, 1, -2, 0, 2, -2, 0, 3, 0, 20, 3, -2, 0, 4, -1, 1, 4, 0, 4, 4, -2, 0},
      {0, 1, 80, -1, 1, 64, -1, 0, 0, -1, -1, 0, 0, -1, 0, 1, -1, 0, 2, 0, 1, 2, -1, 0, 2, 2, 84, 1, 2, 80, 0, 2, 64, 3, 2, 20, 3, 0, 0, 4, 1, 1, 4, 2, 4, 4, 0, 0},
      {1, 0, 1, 1, 1, 4, 0, 1, 21, -1, -1, 0, 0, -1, 0, 1, -1, 0, -2, 0, 0, -2, -1, 0, 0, 2, 4, -1, 2, 20, -2, 2, 84, -3, 2, 80, -3, 0, 0, -4, 2, 64, -4, 1, 0, -4, 0, 0},
      {1, 0, 5, 1, 1, 4, 0, 1, 16, -1, 1, 64, -1, 0, 80, 1, -1, 1, 0, -2, 5, 1, -2, 0, -2, 0, 64, -2, -1, 64, -2, -2, 64, -2, -3, 0, 0, -3, 1, -2, -4, 0, -1, -4, 0, 0, -4, 0},
      {1, 0, 21, 1, 1, 4, 0, 1, 16, -1, 1, 64, -1, 0, 64, -1, -1, 0, -1, -2, 0, 0, -2, 64, 2, -1, 5, 2, 0, 4, 2, -2, 5, 0, -3, 0, 2, -3, 1, 0, -4, 0, 1, -4, 0, 2, -4, 0},
    },
    {
      {1, 0, 5, 1, 1, 4, 0, 1, 16, -1, 1, 64, -1, 0, 64, -1, -1, 84, 1, -1, 5, 1, -2, 1, -1, -3, 0, 0, -3, 0, 1, -3, 0, -2, -1, 80, -2, -3, 0, -3, -1, 64, -3, -2, 0, -3, -3, 0},
      {1, 0, 5, 1, 1, 4, 0, 1, 16, -1, 1, 64, -1, 0, 64, -1, -1, 64, 1, -1, 85, -1, -2, 0, -1, -3, 0, 0, -3, 0, 1, -3, 0, 2, -1, 20, 2, -3, 0, 3, -2, 1, 3, -1, 4, 3, -3, 0},
      {1, 0, 1, 1, 1, 4, 0, 1, 20, -1, 1, 84, -1, -1, 5, 0, -1, 0, 1, -1, 0, -2, 1, 80, -3, 1, 64, -3, 0, 64, -3, -1, 64, -3, -2, 0, -1, -2, 1, -3, -3, 0, -2, -3, 0, -1, -3, 0},
      {1, 1, 84, 0, 1, 80, -1, 1, 64, -1, 0, 0, -1, -1, 0, 0, -1, 0, 1, -1, 64, 2, 1, 20, 3, 0, 5, 3, 1, 4, 3, -1, 5, 1, -2, 0, 3, -2, 1, 1, -3, 0, 2, -3, 0, 3, -3, 0},
      {1, 0, 1, 1, 1, 4, 0, 1, 20, -1, 1, 85, -1, -1, 0, 0, -1, 0, 1, -1, 0, -2, -1, 0, -3, 1, 64, -3, 0, 0, -3, -1, 0, -1, 2, 5, -3, 2, 64, -1, 3, 4, -2, 3, 16, -3, 3, 64},
      {1, 1, 84, 0, 1, 80, -1, 1, 64, -1, 0, 0, -1, -1, 0, 0, -1, 0, 1, -1, 0, 2, -1, 0, 3, 0, 1, 3, 1, 5, 3, -1, 0, 3, 2, 5, 1, 2, 64, 3, 3, 4, 2, 3, 16, 1, 3, 64},
      {1, 0, 1, 1, 1, 5, -1, 1, 64, -1, 0, 0, -1, -1, 0, 0, -1, 0, 1, -1, 0, -1, 2, 64, 1, 3, 84, 0, 3, 80, -1, 3, 64, 2, 3, 20, 2, 1, 0, 3, 2, 1, 3, 3, 4, 3, 1, 0},
      {1, 0, 1, 1, 1, 5, -1, 1, 64, -1, 0, 0, -1, -1, 0, 0, -1, 0, 1, -1, 0, 1, 2, 5, 1, 3, 4, 0, 3, 20, -1, 3, 84, -2, 3, 80, -2, 1, 0, -3, 3, 64, -3, 2, 0, -3, 1, 0},
    },
    {
      {1, 0, 5, 1, 1, 4, 0, 1, 20, -1, 1, 80, 1, -1, 5, -2, 1, 64, -2, 0, 64, -2, -1, 0, -2, -2, 0, -1, -2, 0, 1, -2, 1, -1, -3, 0, 0, -3, 0, 1, -3, 0},
      {1, 1, 20, 0, 1, 80, -1, 1, 64, -1, 0, 64, -1, -1, 64, 2, 0, 5, 2, 1, 4, 2, -1, 1, 1, -2, 1, 2, -2, 0, -1, -2, 0, -1, -3, 0, 0, -3, 0, 1, -3, 0},
      {1, 0, 5, 1, 1, 4, 0, 1, 20, -1, 1, 84, 1, -1, 1, -1, -2, 0, 0, -2, 0, 1, -2, 0, -2, -1, 0, -2, -2, 0, -2, 1, 80, -3, 1, 64, -3, 0, 0, -3, -1, 0},
      {1, 1, 84, 0, 1, 80, -1, 1, 64, -1, 0, 64, -1, -1, 0, -1, -2, 0, 0, -2, 0, 1, -2, 0, 2, -1, 1, 2, -2, 0, 2, 1, 20, 3, 0, 1, 3, 1, 4, 3, -1, 0},
      {1, 0, 5, 1, 1, 4, 0, 1, 16, -1, 1, 64, -1, 0, 80, 1, -1, 5, 1, -2, 1, -2, 0, 64, -2, -1, 64, -2, -2, 0, -2, -3, 0, -1, -3, 0, 0, -3, 0, 1, -3, 0},
      {1, 0, 21, 1, 1, 4, 0, 1, 16, -1, 1, 64, -1, 0, 64, -1, -1, 64, -1, -2, 0, 2, -1, 5, 2, 0, 4, 2, -2, 1, 0, -3, 0, 1, -3, 0, 2, -3, 0, -1, -3, 0},
      {1, 0, 1, 1, 1, 4, 0, 1, 20, -1, 1, 84, 0, -1, 1, 1, -1, 0, -2, 1, 80, -2, -2, 0, -1, -2, 0, 0, -2, 0, -3, 0, 64, -3, -1, 0, -3, -2, 0, -3, 1, 64},
      {1, 1, 84, 0, 1, 80, -1, 1, 64, -1, 0, 0, -1, -1, 0, 0, -1, 0, 2, 1, 20, 0, -2, 0, 1, -2, 0, 2, -2, 0, 3, -1, 1, 3, 0, 5, 3, -2, 0, 3, 1, 4},
      {0, 1, 80, -1, 1, 64, -1, 0, 0, -1, -1, 0, 0, -1, 0, 1, -1, 0, 2, -1, 0, 2, 2, 20, 1, 2, 80, 0, 2, 64, 3, 1, 5, 3, 2, 4, 3, 0, 1, 3, -1, 0},
      {1, 0, 1, 1, 1, 4, 0, 1, 21, -1, -1, 0, 0, -1, 0, 1, -1, 0, -2, -1, 0, -3, 1, 64, -3, 0, 0, -3, -1, 0, -1, 2, 20, -2, 2, 80, -3, 2, 64, 0, 2, 4},
    },
    {
      {1, 0, 5, 1, 1, 4, 0, 1, 16, -1, 1, 64, -1, 0, 64, -1, -1, 80, 1, -1, 21, -1, -3, 0, 0, -3, 0, 1, -3, 0, -2, -1, 64, -2, -2, 0, -2, -3, 0, 2, -2, 1, 2, -1, 4, 2, -3, 0},
      {1, 0, 1, 1, 1, 4, 0, 1, 20, -1, 1, 85, -1, -1, 1, 0, -1, 0, 1, -1, 0, -3, 1, 64, -3, 0, 64, -3, -1, 0, -3, -2, 0, -2, -2, 0, -1, -2, 0, -1, 2, 4, -2, 2, 16, -3, 2, 64},
      {1, 1, 84, 0, 1, 80, -1, 1, 64, -1, 0, 0, -1, -1, 0, 0, -1, 0, 1, -1, 0, 3, 0, 5, 3, 1, 5, 3, -1, 1, 1, -2, 0, 2, -2, 0, 3, -2, 0, 3, 2, 4, 2, 2, 16, 1, 2, 64},
      {1, 0, 5, 1, 1, 4, 0, 1, 16, -1, 1, 64, -1, 0, 84, 1, -1, 5, -1, -2, 0, 1, -2, 1, -1, -3, 0, 0, -3, 0, 1, -3, 0, -2, 0, 80, -2, -2, 0, -3, 0, 64, -3, -1, 0, -3, -2, 0},
      {1, 0, 85, 1, 1, 4, 0, 1, 16, -1, 1, 64, -1, 0, 64, -1, -1, 64, -1, -2, 0, 1, -2, 1, -1, -3, 0, 0, -3, 0, 1, -3, 0, 2, 0, 20, 2, -2, 0, 3, -1, 1, 3, 0, 4, 3, -2, 0},
      {1, 1, 20, 0, 1, 84, -1, 1, 80, -1, -1, 64, 1, -1, 5, -2, 1, 64, -2, 0, 0, -2, -1, 0, 2, 0, 1, 2, 1, 4, 2, -1, 0, -1, -2, 0, 1, -2, 1, -1, -3, 0, 0, -3, 0, 1, -3, 0},
    },
    {
      {1, 0, 1, 1, 1, 4, 0, 1, 20, -1, 1, 80, 0, -1, 21, 1, -1, 4, -2, 1, 64, -2, 0, 64, -2, -1, 64, -2, -2, 0, -2, -3, 0, -1, -3, 0, 0, -3, 0, 1, -2, 1, 1, -3, 0},
      {1, 1, 20, 0, 1, 80, -1, 1, 64, -1, 0, 0, -1, -1, 64, 0, -1, 80, 2, 0, 5, 2, 1, 4, 2, -1, 5, 2, -2, 1, 0, -3, 0, 1, -3, 0, 2, -3, 0, -1, -2, 0, -1, -3, 0},
      {1, 1, 20, 0, 1, 84, -1, 1, 80, 0, -1, 1, -2, 1, 64, -2, 0, 64, -2, -1, 0, -2, -2, 0, -1, -2, 0, 0, -2, 0, 2, 0, 5, 2, 1, 4, 2, -1, 1, 1, -2, 0, 2, -2, 0},
      {0, 0, 85, 0, 1, 68, -1, 1, 16, -2, 1, 64, -2, 0, 64, -2, -1, 0, -2, -2, 0, -1, -2, 0, 0, -2, 0, 1, -2, 0, 2, -1, 1, 2, 0, 5, 2, -2, 0, 2, 1, 4, 1, 1, 16},
      {2, -1, 5, 2, 0, 4, 1, 0, 16, 0, 0, 68, 0, -1, 85, 2, -2, 1, 0, -3, 0, 1, -3, 0, 2, -3, 0, -1, -3, 0, -2, -1, 64, -2, -2, 0, -2, -3, 0, -1, 0, 16, -2, 0, 64},
    },
  },
  {
    {
      {1, 0, 1, 1, 1, 4, 0, 1, 20, -1, 1, 84, -1, -1, 0, 0, -1, 0, 1, -1, 0, -2, 1, 84, -2, -1, 0, -3, 1, 84, -3, -1, 0, -4, 1, 80, -4, -1, 0, -5, 1, 64, -5, 0, 0, -5, -1, 0},
      {1, 0, 1, 1, 1, 5, -1, 1, 64, -1, 0, 0, -1, -1, 0, 0, -1, 0, 1, -1, 0, 1, 2, 5, -1, 2, 64, 1, 3, 5, -1, 3, 64, 1, 4, 5, -1, 4, 64, 1, 5, 4, 0, 5, 16, -1, 5, 64},
      {1, 1, 84, 0, 1, 80, -1, 1, 64, -1, 0, 0, -1, -1, 0, 0, -1, 0, 1, -1, 0, 2, 1, 84, 2, -1, 0, 3, 1, 84, 3, -1, 0, 4, 1, 20, 4, -1, 0, 5, 0, 1, 5, 1, 4, 5, -1, 0},
    },
    {
      {1, 0, 1, 1, 1, 4, 0, 1, 20, -1, 1, 84, -1, -1, 0, 0, -1, 0, 1, -1, 0, -2, 1, 84, -2, -1, 1, -3, 1, 80, -4, 1, 64, -4, 0, 64, -4, -1, 0, -4, -2, 0, -3, -2, 0, -2, -2, 0},
      {1, 0, 1, 1, 1, 4, 0, 1, 20, -1, 1, 84, -1, -1, 0, 0, -1, 0, 1, -1, 0, -2, 1, 85, -2, -1, 0, -3, -1, 0, -4, 1, 64, -4, 0, 0, -4, -1, 0, -2, 2, 4, -3, 2, 16, -4, 2, 64},
      {1, 0, 1, 1, 1, 5, -1, 1, 64, -1, 0, 0, -1, -1, 0, 0, -1, 0, 1, -1, 0, 1, 2, 5, -1, 2, 64, 1, 3, 5, 1, 4, 4, 0, 4, 20, -1, 4, 80, -2, 4, 64, -2, 3, 0, -2, 2, 0},
      {1, 0, 1, 1, 1, 5, -1, 1, 64, -1, 0, 0, -1, -1, 0, 0, -1, 0, 1, -1, 0, 1, 2, 5, -1, 2, 64, -1, 3, 64, 1, 4, 20, 0, 4, 80, -1, 4, 64, 2, 3, 1, 2, 4, 4, 2, 2, 0},
      {1, 1, 84, 0, 1, 80, -1, 1, 64, -1, 0, 0, -1, -1, 0, 0, -1, 0, 1, -1, 0, 2, 1, 84, 2, -1, 0, 3, -1, 0, 4, 0, 1, 4, 1, 5, 4, -1, 0, 4, 2, 4, 3, 2, 16, 2, 2, 64},
      {1, 1, 84, 0, 1, 80, -1, 1, 64, -1, 0, 0, -1, -1, 0, 0, -1, 0, 1, -1, 0, 2, 1, 84, 2, -1, 0, 3, 1, 20, 4, 0, 5, 4, 1, 4, 4, -1, 1, 2, -2, 0, 3, -2, 0, 4, -2, 0},
      {1, 0, 1, 1, 1, 5, -1, 0, 0, -1, -1, 0, 0, -1, 0, 1, -1, 0, 1, 2, 4, 0, 2, 20, -1, 2, 84, -2, 2, 84, -2, 0, 0, -3, 2, 80, -3, 0, 0, -4, 2, 64, -4, 1, 0, -4, 0, 0},
      {1, 0, 1, 1, 1, 4, 0, 1, 21, -1, -1, 0, 0, -1, 0, 1, -1, 0, -2, 1, 64, -2, 0, 0, -2, -1, 0, 0, 2, 5, -2, 2, 64, 0, 3, 5, -2, 3, 64, 0, 4, 4, -1, 4, 16, -2, 4, 64},
      {0, 1, 80, -1, 1, 64, -1, 0, 0, -1, -1, 0, 0, -1, 0, 1, -1, 0, 2, 0, 1, 2, 1, 5, 2, -1, 0, 2, 2, 5, 0, 2, 64, 2, 3, 5, 0, 3, 64, 2, 4, 4, 1, 4, 16, 0, 4, 64},
      {1, 0, 1, -1, 1, 64, -1, 0, 0, -1, -1, 0, 0, -1, 0, 1, -1, 0, 1, 2, 84, 0, 2, 80, -1, 2, 64, 2, 2, 84, 2, 0, 0, 3, 2, 20, 3, 0, 0, 4, 1, 1, 4, 2, 4, 4, 0, 0},
    },
    {
      {1, 0, 1, 1, 1, 4, 0, 1, 20, -1, 1, 85, -1, -1, 0, 0, -1, 0, 1, -1, 0, -2, -1, 0, -3, 1, 80, -3, -1, 0, -4, 1, 64, -4, 0, 0, -4, -1, 0, -1, 2, 4, -2, 2, 16, -3, 2, 64},
      {1, 0, 1, 1, 1, 4, 0, 1, 20, -1, 1, 84, -1, -1, 1, 0, -1, 0, 1, -1, 0, -2, 1, 84, -3, 1, 80, -3, -1, 0, -4, 1, 64, -4, 0, 0, -4, -1, 0, -3, -2, 0, -2, -2, 0, -1, -2, 0},
      {1, 1, 84, 0, 1, 80, -1, 1, 64, -1, 0, 0, -1, -1, 0, 0, -1, 0, 1, -1, 0, 2, 1, 84, 3, 1, 20, 3, -1, 1, 4, 0, 1, 4, 1, 4, 4, -1, 0, 1, -2, 0, 2, -2, 0, 3, -2, 0},
      {1, 1, 84, 0, 1, 80, -1, 1, 64, -1, 0, 0, -1, -1, 0, 0, -1, 0, 1, -1, 0, 2, -1, 0, 3, 1, 21, 3, -1, 0, 4, 0, 1, 4, 1, 4, 4, -1, 0, 3, 2, 4, 2, 2, 16, 1, 2, 64},
      {1, 0, 1, 1, 1, 5, -1, 1, 64, -1, 0, 0, -1, -1, 0, 0, -1, 0, 1, -1, 0, 1, 2, 5, 1, 3, 5, -1, 3, 80, 1, 4, 4, 0, 4, 16, -1, 4, 64, -2, 3, 64, -2, 2, 0, -2, 1, 0},
      {1, 0, 1, 1, 1, 5, -1, 1, 64, -1, 0, 0, -1, -1, 0, 0, -1, 0, 1, -1, 0, -1, 2, 64, 1, 3, 21, -1, 3, 64, 1, 4, 4, 0, 4, 16, -1, 4, 64, 2, 2, 1, 2, 3, 4, 2, 1, 0},
      {1, 0, 1, 1, 1, 4, 0, 1, 21, -1, -1, 0, 0, -1, 0, 1, -1, 0, -2, 1, 84, -2, -1, 0, -3, 1, 80, -3, -1, 0, -4, 1, 64, -4, 0, 0, -4, -1, 0, 0, 2, 4, -1, 2, 16, -2, 2, 64},
      {1, 0, 1, 1, 1, 4, 0, 1, 20, -1, 1, 84, 0, -1, 1, 1, -1, 0, -2, 1, 84, -2, -1, 0, -3, 1, 80, -3, -1, 0, -4, 1, 64, -4, 0, 0, -4, -1, 0, -2, -2, 0, -1, -2, 0, 0, -2, 0},
      {0, 1, 80, -1, 1, 64, -1, 0, 0, -1, -1, 0, 0, -1, 0, 1, -1, 0, 2, 1, 85, 2, -1, 0, 3, 1, 20, 3, -1, 0, 4, 0, 1, 4, 1, 4, 4, -1, 0, 2, 2, 4, 1, 2, 16, 0, 2, 64},
      {1, 1, 84, 0, 1, 80, -1, 1, 64, -1, 0, 0, -1, -1, 0, 0, -1, 0, 2, 1, 84, 2, -1, 1, 3, 1, 20, 3, -1, 0, 4, 0, 1, 4, 1, 4, 4, -1, 0, 0, -2, 0, 1, -2, 0, 2, -2, 0},
      {1, 0, 1, 1, 1, 5, -1, 0, 0, -1, -1, 0, 0, -1, 0, 1, -1, 0, 1, 2, 5, -1, 2, 80, -2, 2, 64, -2, 1, 0, -2, 0, 0, 1, 3, 5, -1, 3, 64, 1, 4, 4, 0, 4, 16, -1, 4, 64},
      {1, 0, 1, -1, 1, 64, -1, 0, 0, -1, -1, 0, 0, -1, 0, 1, -1, 0, 1, 2, 21, -1, 2, 64, 2, 1, 1, 2, 2, 4, 2, 0, 0, 1, 3, 5, -1, 3, 64, 1, 4, 4, 0, 4, 16, -1, 4, 64},
      {1, 0, 1, -1, 0, 0, -1, -1, 0, 0, -1, 0, 1, -1, 0, 1, 2, 20, 0, 2, 84, -1, 2, 84, -2, 2, 80, -2, 0, 0, -3, 2, 64, -3, 1, 0, -3, 0, 0, 2, 1, 1, 2, 2, 4, 2, 0, 0},
      {1, 0, 1, -1, 0, 0, -1, -1, 0, 0, -1, 0, 1, -1, 0, 1, 2, 84, 0, 2, 84, -1, 2, 80, -2, 2, 64, -2, 1, 0, -2, 0, 0, 2, 2, 20, 2, 0, 0, 3, 1, 1, 3, 2, 4, 3, 0, 0},
    },
    {
      {0, 1, 80, -1, 1, 64, -1, 0, 0, -1, -1, 0, 0, -1, 0, 1, -1, 0, 2, 0, 1, 2, 1, 5, 2, -1, 0, 0, 2, 64, 2, 3, 20, 1, 3, 80, 0, 3, 64, 3, 2, 1, 3, 3, 4, 3, 1, 0},
      {1, 0, 1, -1, 1, 64, -1, 0, 0, -1, -1, 0, 0, -1, 0, 1, -1, 0, 1, 2, 84, 0, 2, 80, -1, 2, 64, 2, 0, 0, 3, 1, 1, 3, 2, 5, 3, 0, 0, 3, 3, 4, 2, 3, 16, 1, 3, 64},
      {1, 0, 1, 1, 1, 5, -1, 0, 0, -1, -1, 0, 0, -1, 0, 1, -1, 0, 1, 2, 4, 0, 2, 20, -1, 2, 85, -2, 0, 0, -3, 2, 64, -3, 1, 0, -3, 0, 0, -1, 3, 4, -2, 3, 16, -3, 3, 64},
      {1, 0, 1, 1, 1, 4, 0, 1, 21, -1, -1, 0, 0, -1, 0, 1, -1, 0, -2, 1, 64, -2, 0, 0, -2, -1, 0, 0, 2, 5, 0, 3, 4, -1, 3, 20, -2, 3, 80, -3, 3, 64, -3, 2, 0, -3, 1, 0},
      {1, 0, 1, 1, 1, 4, 0, 1, 20, -1, 1, 80, 0, -1, 5, 1, -1, 0, -2, 1, 64, -2, 0, 64, -2, -1, 80, 0, -2, 1, -2, -3, 0, -1, -3, 0, 0, -3, 0, -3, -1, 64, -3, -2, 0, -3, -3, 0},
      {1, 0, 5, 1, 1, 4, 0, 1, 16, -1, 1, 64, -1, 0, 84, 1, -1, 1, -1, -2, 1, 0, -2, 0, 1, -2, 0, -2, 0, 80, -3, 0, 64, -3, -1, 64, -3, -2, 0, -3, -3, 0, -2, -3, 0, -1, -3, 0},
      {1, 0, 85, 1, 1, 4, 0, 1, 16, -1, 1, 64, -1, 0, 64, -1, -1, 0, -1, -2, 0, 0, -2, 0, 1, -2, 0, 2, 0, 20, 3, -1, 5, 3, 0, 4, 3, -2, 1, 1, -3, 0, 2, -3, 0, 3, -3, 0},
      {1, 1, 20, 0, 1, 80, -1, 1, 64, -1, 0, 0, -1, -1, 0, 0, -1, 64, 2, 0, 5, 2, 1, 4, 2, -1, 21, 0, -2, 0, 0, -3, 0, 1, -3, 0, 2, -3, 0, 3, -2, 1, 3, -1, 4, 3, -3, 0},
    },
    {
      {1, 0, 1, -1, 0, 0, -1, -1, 0, 0, -1, 0, 1, -1, 0, 1, 2, 21, -1, 2, 80, -2, 2, 64, -2, 1, 0, -2, 0, 0, 1, 3, 4, 0, 3, 16, -1, 3, 64, 2, 1, 1, 2, 2, 4, 2, 0, 0},
    },
    {
      {1, 0, 1, 1, 1, 5, -1, 0, 0, -1, -1, 0, 0, -1, 0, 1, -1, 0, -1, 2, 80, 1, 3, 20, 0, 3, 80, -1, 3, 64, 2, 2, 1, 2, 3, 4, 2, 1, 0, -2, 2, 64, -2, 1, 0, -2, 0, 0},
      {1, 0, 1, -1, 1, 64, -1, 0, 0, -1, -1, 0, 0, -1, 0, 1, -1, 0, 1, 2, 21, 1, 3, 4, 0, 3, 20, -1, 3, 80, -2, 3, 64, -2, 2, 0, -2, 1, 0, 2, 1, 1, 2, 2, 4, 2, 0, 0},
      {1, 0, 1, -1, 0, 0, -1, -1, 0, 0, -1, 0, 1, -1, 0, 0, 2, 84, -1, 2, 80, -2, 2, 64, -2, 1, 0, -2, 0, 0, 2, 1, 1, 2, 2, 5, 2, 0, 0, 2, 3, 4, 1, 3, 16, 0, 3, 64},
      {1, 0, 1, -1, 0, 0, -1, -1, 0, 0, -1, 0, 1, -1, 0, 1, 2, 20, 0, 2, 85, -2, 2, 64, -2, 1, 0, -2, 0, 0, 2, 1, 1, 2, 2, 4, 2, 0, 0, 0, 3, 4, -1, 3, 16, -2, 3, 64},
      {1, 1, 21, -1, 0, 0, -1, -1, 0, 0, -1, 0, 1, -1, 0, 2, 0, 1, 2, 1, 4, 2, -1, 0, 1, 2, 5, -1, 2, 80, 1, 3, 4, 0, 3, 16, -1, 3, 64, -2, 2, 64, -2, 1, 0, -2, 0, 0},
      {-1, 1, 80, -2, 1, 64, -2, 0, 0, -2, -1, 0, -1, -1, 0, 0, -1, 0, 1, 0, 1, 1, -1, 0, 1, 2, 21, -1, 2, 64, 1, 3, 4, 0, 3, 16, -1, 3, 64, 2, 1, 1, 2, 2, 4, 2, 0, 0},
      {1, 0, 1, 1, 1, 5, -1, 0, 0, -1, -1, 0, 0, -1, 0, 1, -1, 0, 1, 2, 4, 0, 2, 21, -2, 2, 80, -2, 0, 0, -3, 2, 64, -3, 1, 0, -3, 0, 0, 0, 3, 4, -1, 3, 16, -2, 3, 64},
      {1, 0, 1, -1, 1, 64, -1, 0, 0, -1, -1, 0, 0, -1, 0, 1, -1, 0, 0, 2, 80, -1, 2, 64, 3, 1, 1, 3, 2, 4, 2, 2, 21, 2, 0, 0, 3, 0, 0, 2, 3, 4, 1, 3, 16, 0, 3, 64},
    },
    {
      {1, 0, 1, -1, 1, 64, -1, 0, 0, -1, -1, 0, 0, -1, 0, 1, -1, 0, 0, 2, 80, -1, 2, 64, 2, 1, 1, 2, 0, 0, 2, 3, 20, 1, 3, 80, 0, 3, 64, 3, 2, 1, 3, 3, 4, 3, 1, 0},
      {1, 0, 1, 1, 1, 5, -1, 0, 0, -1, -1, 0, 0, -1, 0, 1, -1, 0, 1, 2, 4, 0, 2, 21, -2, 1, 0, -2, 0, 0, 0, 3, 4, -1, 3, 20, -2, 3, 80, -3, 3, 64, -3, 2, 0, -3, 1, 0},
      {1, 0, 1, 1, 1, 4, 0, 1, 21, -1, -1, 0, 0, -1, 0, 1, -1, 0, -2, 0, 0, -2, -1, 0, 0, 2, 4, -1, 2, 21, -3, 2, 64, -3, 1, 0, -3, 0, 0, -1, 3, 4, -2, 3, 16, -3, 3, 64},
      {0, 1, 80, -1, 1, 64, -1, 0, 0, -1, -1, 0, 0, -1, 0, 1, -1, 0, 2, 0, 1, 2, -1, 0, 1, 2, 80, 0, 2, 64, 3, 1, 1, 3, 2, 5, 3, 0, 0, 3, 3, 4, 2, 3, 16, 1, 3, 64},
      {1, 1, 20, 0, 1, 80, -1, 1, 64, -1, 0, 0, -1, -1, 0, 0, -1, 0, 2, 0, 21, 2, 1, 4, 0, -2, 0, 1, -2, 0, 3, -1, 5, 3, 0, 4, 3, -2, 1, 1, -3, 0, 2, -3, 0, 3, -3, 0},
      {1, 0, 1, 1, 1, 4, 0, 1, 20, -1, 1, 80, 0, -1, 1, 1, -1, 0, -2, 1, 64, -2, 0, 80, -1, -2, 1, 0, -2, 0, -3, 0, 64, -3, -1, 64, -3, -2, 0, -3, -3, 0, -2, -3, 0, -1, -3, 0},
      {1, 0, 5, 1, 1, 4, 0, 1, 16, -1, 1, 64, -1, 0, 80, 1, -1, 1, 0, -2, 1, 1, -2, 0, -2, 0, 64, -2, -1, 80, -2, -3, 0, -1, -3, 0, 0, -3, 0, -3, -1, 64, -3, -2, 0, -3, -3, 0},
      {1, 0, 21, 1, 1, 4, 0, 1, 16, -1, 1, 64, -1, 0, 64, -1, -1, 0, -1, -2, 0, 0, -2, 0, 2, -1, 21, 2, 0, 4, 0, -3, 0, 1, -3, 0, 2, -3, 0, 3, -2, 1, 3, -1, 4, 3, -3, 0},
    },
    {
      {1, 0, 1, 1, 1, 5, -1, 1, 64, -1, 0, 0, -1, -1, 0, 0, -1, 0, 1, -1, 0, 1, 2, 5, 1, 3, 4, 0, 3, 21, -2, 3, 64, -2, 2, 0, -2, 1, 0, 0, 4, 4, -1, 4, 16, -2, 4, 64},
      {1, 0, 1, 1, 1, 5, -1, 1, 64, -1, 0, 0, -1, -1, 0, 0, -1, 0, 1, -1, 0, -1, 2, 64, 0, 3, 80, -1, 3, 64, 2, 2, 1, 2, 3, 5, 2, 1, 0, 2, 4, 4, 1, 4, 16, 0, 4, 64},
      {1, 0, 1, 1, 1, 4, 0, 1, 20, -1, 1, 85, -1, -1, 0, 0, -1, 0, 1, -1, 0, -2, -1, 0, -3, 0, 0, -3, -1, 0, -1, 2, 4, -2, 2, 20, -3, 2, 80, -4, 2, 64, -4, 1, 0, -4, 0, 0},
      {1, 1, 84, 0, 1, 80, -1, 1, 64, -1, 0, 0, -1, -1, 0, 0, -1, 0, 1, -1, 0, 2, -1, 0, 3, 0, 1, 3, -1, 0, 3, 2, 20, 2, 2, 80, 1, 2, 64, 4, 1, 1, 4, 2, 4, 4, 0, 0},
      {1, 1, 84, 0, 1, 80, -1, 1, 64, -1, 0, 0, -1, -1, 0, 0, -1, 0, 1, -1, 0, 2, 1, 20, 3, 0, 21, 3, 1, 4, 1, -2, 0, 2, -2, 0, 3, -2, 0, 4, -1, 1, 4, 0, 4, 4, -2, 0},
      {1, 0, 1, 1, 1, 4, 0, 1, 20, -1, 1, 84, -1, -1, 1, 0, -1, 0, 1, -1, 0, -2, 1, 80, -3, 1, 64, -3, 0, 80, -3, -2, 0, -2, -2, 0, -1, -2, 0, -4, 0, 64, -4, -1, 0, -4, -2, 0},
      {1, 0, 1, 1, 1, 4, 0, 1, 21, -1, -1, 0, 0, -1, 0, 1, -1, 0, -2, 0, 0, -2, -1, 0, 0, 2, 4, -1, 2, 20, -2, 2, 84, -3, 2, 80, -3, 0, 0, -4, 2, 64, -4, 1, 0, -4, 0, 0},
      {0, 1, 80, -1, 1, 64, -1, 0, 0, -1, -1, 0, 0, -1, 0, 1, -1, 0, 2, 0, 1, 2, -1, 0, 2, 2, 84, 1, 2, 80, 0, 2, 64, 3, 2, 20, 3, 0, 0, 4, 1, 1, 4, 2, 4, 4, 0, 0},
      {1, 1, 20, 0, 1, 80, -1, 1, 64, -1, 0, 0, -1, -1, 0, 0, -1, 0, 2, 0, 85, 2, 1, 4, 0, -2, 0, 1, -2, 0, 2, -2, 0, 3, 0, 20, 3, -2, 0, 4, -1, 1, 4, 0, 4, 4, -2, 0},
      {1, 0, 1, 1, 1, 4, 0, 1, 20, -1, 1, 80, 0, -1, 1, 1, -1, 0, -2, 1, 64, -2, 0, 84, -2, -2, 0, -1, -2, 0, 0, -2, 0, -3, 0, 80, -3, -2, 0, -4, 0, 64, -4, -1, 0, -4, -2, 0},
      {1, 0, 1, 1, 1, 5, -1, 0, 0, -1, -1, 0, 0, -1, 0, 1, -1, 0, 1, 2, 4, 0, 2, 21, -2, 2, 64, -2, 1, 0, -2, 0, 0, 0, 3, 5, -2, 3, 64, 0, 4, 4, -1, 4, 16, -2, 4, 64},
      {1, 0, 1, -1, 1, 64, -1, 0, 0, -1, -1, 0, 0, -1, 0, 1, -1, 0, 0, 2, 80, -1, 2, 64, 2, 1, 1, 2, 2, 5, 2, 0, 0, 2, 3, 5, 0, 3, 64, 2, 4, 4, 1, 4, 16, 0, 4, 64},
    },
    {
      {1, 0, 1, 1, 1, 5, -1, 1, 64, -1, 0, 0, -1, -1, 0, 0, -1, 0, 1, -1, 0, 1, 2, 5, 1, 3, 4, 0, 3, 20, -1, 3, 84, -2, 3, 80, -2, 1, 0, -3, 3, 64, -3, 2, 0, -3, 1, 0},
      {1, 0, 1, 1, 1, 5, -1, 1, 64, -1, 0, 0, -1, -1, 0, 0, -1, 0, 1, -1, 0, -1, 2, 64, 1, 3, 84, 0, 3, 80, -1, 3, 64, 2, 3, 20, 2, 1, 0, 3, 2, 1, 3, 3, 4, 3, 1, 0},
      {1, 0, 1, 1, 1, 4, 0, 1, 20, -1, 1, 85, -1, -1, 0, 0, -1, 0, 1, -1, 0, -2, -1, 0, -3, 1, 64, -3, 0, 0, -3, -1, 0, -1, 2, 5, -3, 2, 64, -1, 3, 4, -2, 3, 16, -3, 3, 64},
      {1, 1, 84, 0, 1, 80, -1, 1, 64, -1, 0, 0, -1, -1, 0, 0, -1, 0, 1, -1, 0, 2, -1, 0, 3, 0, 1, 3, 1, 5, 3, -1, 0, 3, 2, 5, 1, 2, 64, 3, 3, 4, 2, 3, 16, 1, 3, 64},
      {1, 0, 1, 1, 1, 4, 0, 1, 20, -1, 1, 84, -1, -1, 5, 0, -1, 0, 1, -1, 0, -2, 1, 80, -3, 1, 64, -3, 0, 64, -3, -1, 64, -3, -2, 0, -1, -2, 1, -3, -3, 0, -2, -3, 0, -1, -3, 0},
      {1, 1, 84, 0, 1, 80, -1, 1, 64, -1, 0, 0, -1, -1, 0, 0, -1, 0, 1, -1, 64, 2, 1, 20, 3, 0, 5, 3, 1, 4, 3, -1, 5, 1, -2, 0, 3, -2, 1, 1, -3, 0, 2, -3, 0, 3, -3, 0},
      {1, 0, 5, 1, 1, 4, 0, 1, 16, -1, 1, 64, -1, 0, 64, -1, -1, 64, 1, -1, 85, -1, -2, 0, -1, -3, 0, 0, -3, 0, 1, -3, 0, 2, -1, 20, 2, -3, 0, 3, -2, 1, 3, -1, 4, 3, -3, 0},
      {1, 0, 5, 1, 1, 4, 0, 1, 16, -1, 1, 64, -1, 0, 64, -1, -1, 84, 1, -1, 5, 1, -2, 1, -1, -3, 0, 0, -3, 0, 1, -3, 0, -2, -1, 80, -2, -3, 0, -3, -1, 64, -3, -2, 0, -3, -3, 0},
    },
    {
      {1, 0, 1, 1, 1, 5, -1, -1, 0, 0, -1, 0, 1, -1, 0, -2, 1, 64, -2, 0, 0, -2, -1, 0, -1, 2, 80, -2, 2, 64, 1, 2, 5, 1, 3, 4, 0, 3, 16, -1, 3, 64},
      {-1, 1, 64, -1, 0, 0, -1, -1, 0, 0, -1, 0, 1, -1, 0, 2, 0, 1, 2, 1, 5, 2, -1, 0, 2, 2, 4, 1, 2, 21, -1, 2, 64, 1, 3, 4, 0, 3, 16, -1, 3, 64},
      {1, 0, 1, 1, 1, 5, -1, -1, 0, 0, -1, 0, 1, -1, 0, 1, 2, 4, 0, 2, 20, -1, 2, 80, -2, 2, 64, -2, 1, 80, -2, -1, 0, -3, 1, 64, -3, 0, 0, -3, -1, 0},
      {-1, 1, 64, -1, 0, 0, -1, -1, 0, 0, -1, 0, 1, -1, 0, 1, 2, 20, 0, 2, 80, -1, 2, 64, 2, 1, 21, 2, 2, 4, 2, -1, 0, 3, 0, 1, 3, 1, 4, 3, -1, 0},
      {1, 0, 1, 1, 1, 5, -1, 0, 0, -1, -1, 0, 0, -1, 0, 1, -1, 0, 1, 2, 5, -2, 2, 64, -2, 1, 0, -2, 0, 0, 0, 3, 20, -1, 3, 80, -2, 3, 64, 1, 3, 4},
      {1, 0, 1, -1, 1, 64, -1, 0, 0, -1, -1, 0, 0, -1, 0, 1, -1, 0, -1, 2, 64, 2, 1, 1, 2, 2, 5, 2, 0, 0, 2, 3, 4, 1, 3, 20, 0, 3, 80, -1, 3, 64},
      {1, 0, 1, 1, 1, 4, 0, 1, 21, -1, -1, 0, 0, -1, 0, 1, -1, 0, -2, -1, 0, 0, 2, 4, -1, 2, 20, -2, 2, 80, -3, 2, 64, -3, 1, 64, -3, 0, 0, -3, -1, 0},
      {0, 1, 80, -1, 1, 64, -1, 0, 0, -1, -1, 0, 0, -1, 0, 1, -1, 0, 2, -1, 0, 2, 2, 20, 1, 2, 80, 0, 2, 64, 3, 1, 5, 3, 2, 4, 3, 0, 1, 3, -1, 0},
      {1, 1, 84, 0, 1, 80, -1, 1, 64, -1, 0, 0, -1, -1, 0, 0, -1, 0, 2, 1, 20, 0, -2, 0, 1, -2, 0, 2, -2, 0, 3, -1, 1, 3, 0, 5, 3, -2, 0, 3, 1, 4},
      {1, 0, 1, 1, 1, 4, 0, 1, 20, -1, 1, 84, 0, -1, 1, 1, -1, 0, -2, 1, 80, -3, 1, 64, -3, 0, 64, -3, -1, 0, -3, -2, 0, -2, -2, 0, -1, -2, 0, 0, -2, 0},
    },
    {
      {1, 0, 1, 1, 1, 5, -1, 1, 64, -1, 0, 0, -1, -1, 0, 0, -1, 0, 1, -1, 0, 1, 3, 20, 0, 3, 84, -1, 3, 80, -2, 3, 64, -2, 2, 0, -2, 1, 0, 2, 2, 1, 2, 3, 4, 2, 1, 0},
      {1, 0, 1, 1, 1, 4, 0, 1, 20, -1, 1, 85, -1, -1, 1, 0, -1, 0, 1, -1, 0, -3, 1, 64, -3, 0, 64, -3, -1, 0, -1, 2, 4, -2, 2, 16, -3, 2, 64, -3, -2, 0, -2, -2, 0, -1, -2, 0},
      {1, 1, 84, 0, 1, 80, -1, 1, 64, -1, 0, 0, -1, -1, 0, 0, -1, 0, 1, -1, 0, 3, 0, 5, 3, 1, 5, 3, -1, 1, 3, 2, 4, 2, 2, 16, 1, 2, 64, 1, -2, 0, 2, -2, 0, 3, -2, 0},
      {1, 0, 1, 1, 1, 5, -1, 0, 0, -1, -1, 0, 0, -1, 0, 1, -1, 0, 1, 2, 5, -1, 2, 84, 1, 3, 4, 0, 3, 16, -1, 3, 64, -2, 2, 80, -2, 0, 0, -3, 2, 64, -3, 1, 0, -3, 0, 0},
      {1, 0, 1, -1, 1, 64, -1, 0, 0, -1, -1, 0, 0, -1, 0, 1, -1, 0, 1, 2, 85, -1, 2, 64, 1, 3, 4, 0, 3, 16, -1, 3, 64, 2, 2, 20, 2, 0, 0, 3, 1, 1, 3, 2, 4, 3, 0, 0},
      {1, 1, 21, -1, 1, 80, -1, -1, 0, 0, -1, 0, 1, -1, 0, -2, 1, 64, -2, 0, 0, -2, -1, 0, 2, 0, 1, 2, 1, 4, 2, -1, 0, 1, 2, 5, -1, 2, 64, 1, 3, 4, 0, 3, 16, -1, 3, 64},
    },
    {
      {1, 0, 1, 1, 1, 4, 0, 1, 21, -1, -1, 0, 0, -1, 0, 1, -1, 0, -2, 1, 64, -2, 0, 0, -2, -1, 0, -2, 2, 64, 0, 3, 20, -1, 3, 80, -2, 3, 64, 1, 2, 1, 1, 3, 4},
      {0, 1, 80, -1, 1, 64, -1, 0, 0, -1, -1, 0, 0, -1, 0, 1, -1, 0, 2, 0, 1, 2, 1, 5, 2, -1, 0, 2, 2, 5, 2, 3, 4, 1, 3, 20, 0, 3, 80, -1, 3, 64, -1, 2, 0},
      {0, 1, 85, -1, -1, 0, 0, -1, 0, 1, -1, 0, -2, 1, 64, -2, 0, 0, -2, -1, 0, 0, 2, 68, -1, 2, 16, -2, 2, 64, 2, 0, 1, 2, 1, 5, 2, -1, 0, 2, 2, 4, 1, 2, 16},
      {0, 0, 1, -2, 1, 64, -2, 0, 0, -2, -1, 0, -1, -1, 0, 0, -1, 0, 0, 2, 84, -1, 2, 80, -2, 2, 64, 1, 2, 20, 2, 1, 5, 2, 2, 4, 2, 0, 1, 1, -1, 0, 2, -1, 0},
      {2, 1, 1, 2, 2, 5, 0, 1, 1, 0, 0, 0, 1, 0, 0, 2, 0, 0, 2, 3, 4, 1, 3, 20, 0, 3, 84, -1, 3, 80, -2, 3, 64, -2, 2, 64, -2, 1, 0, -2, 0, 0, -1, 0, 0},
    },
  },
  {
    {
      {1, 0, 5, 1, 1, 4, 0, 1, 16, -1, 1, 64, -1, 0, 64, -1, -1, 64, 1, -1, 5, -1, -2, 64, 1, -2, 5, -1, -3, 64, 1, -3, 5, -1, -4, 0, 1, -4, 1, -1, -5, 0, 0, -5, 0, 1, -5, 0},
      {1, 0, 1, 1, 1, 4, 0, 1, 20, -1, 1, 84, -1, -1, 0, 0, -1, 0, 1, -1, 0, -2, 1, 84, -2, -1, 0, -3, 1, 84, -3, -1, 0, -4, 1, 80, -4, -1, 0, -5, 1, 64, -5, 0, 0, -5, -1, 0},
      {1, 0, 1, 1, 1, 5, -1, 1, 64, -1, 0, 0, -1, -1, 0, 0, -1, 0, 1, -1, 0, 1, 2, 5, -1, 2, 64, 1, 3, 5, -1, 3, 64, 1, 4, 5, -1, 4, 64, 1, 5, 4, 0, 5, 16, -1, 5, 64},
    },
    {
      {1, 0, 5, 1, 1, 4, 0, 1, 16, -1, 1, 64, -1, 0, 64, -1, -1, 64, 1, -1, 5, -1, -2, 64, 1, -2, 21, -1, -3, 0, -1, -4, 0, 0, -4, 0, 1, -4, 0, 2, -3, 1, 2, -2, 4, 2, -4, 0},
      {1, 0, 5, 1, 1, 4, 0, 1, 16, -1, 1, 64, -1, 0, 64, -1, -1, 64, 1, -1, 5, -1, -2, 80, 1, -2, 5, 1, -3, 1, -1, -4, 0, 0, -4, 0, 1, -4, 0, -2, -2, 64, -2, -3, 0, -2, -4, 0},
      {1, 0, 1, 1, 1, 4, 0, 1, 20, -1, 1, 84, -1, -1, 0, 0, -1, 0, 1, -1, 0, -2, 1, 84, -2, -1, 1, -3, 1, 80, -4, 1, 64, -4, 0, 64, -4, -1, 0, -4, -2, 0, -3, -2, 0, -2, -2, 0},
      {1, 0, 1, 1, 1, 4, 0, 1, 20, -1, 1, 84, -1, -1, 0, 0, -1, 0, 1, -1, 0, -2, 1, 85, -2, -1, 0, -3, -1, 0, -4, 1, 64, -4, 0, 0, -4, -1, 0, -2, 2, 4, -3, 2, 16, -4, 2, 64},
      {1, 0, 1, 1, 1, 5, -1, 1, 64, -1, 0, 0, -1, -1, 0, 0, -1, 0, 1, -1, 0, 1, 2, 5, -1, 2, 64, 1, 3, 5, 1, 4, 4, 0, 4, 20, -1, 4, 80, -2, 4, 64, -2, 3, 0, -2, 2, 0},
      {1, 0, 1, 1, 1, 5, -1, 1, 64, -1, 0, 0, -1, -1, 0, 0, -1, 0, 1, -1, 0, 1, 2, 5, -1, 2, 64, -1, 3, 64, 1, 4, 20, 0, 4, 80, -1, 4, 64, 2, 3, 1, 2, 4, 4, 2, 2, 0},
      {1, 0, 1, 1, 1, 4, 0, 1, 20, -1, 1, 80, 0, -1, 5, 1, -1, 0, -2, 1, 64, -2, 0, 64, -2, -1, 64, -2, -2, 64, 0, -2, 5, -2, -3, 0, 0, -3, 1, -2, -4, 0, -1, -4, 0, 0, -4, 0},
      {1, 0, 5, 1, 1, 4, 0, 1, 16, -1, 1, 64, -1, 0, 84, 1, -1, 1, -1, -2, 0, 0, -2, 0, 1, -2, 0, -2, 0, 84, -2, -2, 0, -3, 0, 80, -3, -2, 0, -4, 0, 64, -4, -1, 0, -4, -2, 0},
      {1, 0, 1, 1, 1, 5, -1, 0, 0, -1, -1, 0, 0, -1, 0, 1, -1, 0, 1, 2, 4, 0, 2, 20, -1, 2, 84, -2, 2, 84, -2, 0, 0, -3, 2, 80, -3, 0, 0, -4, 2, 64, -4, 1, 0, -4, 0, 0},
      {1, 0, 1, 1, 1, 4, 0, 1, 21, -1, -1, 0, 0, -1, 0, 1, -1, 0, -2, 1, 64, -2, 0, 0, -2, -1, 0, 0, 2, 5, -2, 2, 64, 0, 3, 5, -2, 3, 64, 0, 4, 4, -1, 4, 16, -2, 4, 64},
    },
    {
      {1, 0, 5, 1, 1, 4, 0, 1, 16, -1, 1, 64, -1, 0, 64, -1, -1, 80, 1, -1, 5, 1, -2, 5, -1, -3, 0, 1, -3, 1, -1, -4, 0, 0, -4, 0, 1, -4, 0, -2, -1, 64, -2, -2, 0, -2, -3, 0},
      {1, 0, 5, 1, 1, 4, 0, 1, 16, -1, 1, 64, -1, 0, 64, -1, -1, 64, 1, -1, 21, -1, -2, 64, -1, -3, 0, 1, -3, 1, -1, -4, 0, 0, -4, 0, 1, -4, 0, 2, -2, 1, 2, -1, 4, 2, -3, 0},
      {1, 0, 1, 1, 1, 5, -1, 1, 64, -1, 0, 0, -1, -1, 0, 0, -1, 0, 1, -1, 0, -1, 2, 64, 1, 3, 21, -1, 3, 64, 1, 4, 4, 0, 4, 16, -1, 4, 64, 2, 2, 1, 2, 3, 4, 2, 1, 0},
      {1, 0, 1, 1, 1, 5, -1, 1, 64, -1, 0, 0, -1, -1, 0, 0, -1, 0, 1, -1, 0, 1, 2, 5, 1, 3, 5, -1, 3, 80, 1, 4, 4, 0, 4, 16, -1, 4, 64, -2, 3, 64, -2, 2, 0, -2, 1, 0},
      {1, 0, 1, 1, 1, 4, 0, 1, 20, -1, 1, 84, -1, -1, 1, 0, -1, 0, 1, -1, 0, -2, 1, 84, -3, 1, 80, -3, -1, 0, -4, 1, 64, -4, 0, 0, -4, -1, 0, -3, -2, 0, -2, -2, 0, -1, -2, 0},
      {1, 0, 1, 1, 1, 4, 0, 1, 20, -1, 1, 85, -1, -1, 0, 0, -1, 0, 1, -1, 0, -2, -1, 0, -3, 1, 80, -3, -1, 0, -4, 1, 64, -4, 0, 0, -4, -1, 0, -1, 2, 4, -2, 2, 16, -3, 2, 64},
      {1, 0, 5, 1, 1, 4, 0, 1, 16, -1, 1, 64, -1, 0, 80, 1, -1, 5, -1, -2, 64, 1, -2, 5, -1, -3, 0, 1, -3, 1, -1, -4, 0, 0, -4, 0, 1, -4, 0, -2, 0, 64, -2, -1, 0, -2, -2, 0},
      {1, 0, 21, 1, 1, 4, 0, 1, 16, -1, 1, 64, -1, 0, 64, -1, -1, 64, -1, -2, 64, 1, -2, 5, -1, -3, 0, 1, -3, 1, -1, -4, 0, 0, -4, 0, 1, -4, 0, 2, -1, 1, 2, 0, 4, 2, -2, 0},
      {1, 0, 1, 1, 1, 5, -1, 0, 0, -1, -1, 0, 0, -1, 0, 1, -1, 0, 1, 2, 5, -1, 2, 80, 1, 3, 5, -1, 3, 64, 1, 4, 4, 0, 4, 16, -1, 4, 64, -2, 2, 64, -2, 1, 0, -2, 0, 0},
      {1, 0, 1, -1, 1, 64, -1, 0, 0, -1, -1, 0, 0, -1, 0, 1, -1, 0, 1, 2, 21, -1, 2, 64, 1, 3, 5, -1, 3, 64, 1, 4, 4, 0, 4, 16, -1, 4, 64, 2, 1, 1, 2, 2, 4, 2, 0, 0},
      {1, 0, 1, 1, 1, 4, 0, 1, 20, -1, 1, 84, 0, -1, 1, 1, -1, 0, -2, 1, 84, -2, -1, 0, -2, -2, 0, -1, -2, 0, 0, -2, 0, -3, 1, 80, -3, -1, 0, -4, 1, 64, -4, 0, 0, -4, -1, 0},
      {1, 0, 1, 1, 1, 4, 0, 1, 21, -1, -1, 0, 0, -1, 0, 1, -1, 0, -2, 1, 84, -2, -1, 0, 0, 2, 4, -1, 2, 16, -2, 2, 64, -3, 1, 80, -3, -1, 0, -4, 1, 64, -4, 0, 0, -4, -1, 0},
      {1, 0, 1, 1, 1, 4, 0, 1, 21, 0, -1, 5, 1, -1, 0, -2, 1, 64, -2, 0, 64, -2, -1, 64, -2, -2, 0, 0, -2, 1, -2, -3, 0, -1, -3, 0, 0, -3, 0, 0, 2, 4, -1, 2, 16, -2, 2, 64},
      {1, 0, 1, 1, 1, 4, 0, 1, 21, 0, -1, 1, 1, -1, 0, -2, 1, 64, -2, 0, 64, -2, -1, 0, -2, -2, 0, -1, -2, 0, 0, -2, 0, 0, 2, 5, -2, 2, 64, 0, 3, 4, -1, 3, 16, -2, 3, 64},
    },
    {
      {1, 0, 1, 1, 1, 5, -1, 0, 0, -1, -1, 0, 0, -1, 0, 1, -1, 0, 1, 2, 4, 0, 2, 20, -1, 2, 85, -2, 0, 0, -3, 2, 64, -3, 1, 0, -3, 0, 0, -1, 3, 4, -2, 3, 16, -3, 3, 64},
      {1, 0, 1, 1, 1, 4, 0, 1, 21, -1, -1, 0, 0, -1, 0, 1, -1, 0, -2, 1, 64, -2, 0, 0, -2, -1, 0, 0, 2, 5, 0, 3, 4, -1, 3, 20, -2, 3, 80, -3, 3, 64, -3, 2, 0, -3, 1, 0},
      {1, 0, 1, 1, 1, 4, 0, 1, 20, -1, 1, 80, 0, -1, 5, 1, -1, 0, -2, 1, 64, -2, 0, 64, -2, -1, 80, 0, -2, 1, -2, -3, 0, -1, -3, 0, 0, -3, 0, -3, -1, 64, -3, -2, 0, -3, -3, 0},
      {1, 0, 5, 1, 1, 4, 0, 1, 16, -1, 1, 64, -1, 0, 84, 1, -1, 1, -1, -2, 1, 0, -2, 0, 1, -2, 0, -2, 0, 80, -3, 0, 64, -3, -1, 64, -3, -2, 0, -3, -3, 0, -2, -3, 0, -1, -3, 0},
      {1, 0, 85, 1, 1, 4, 0, 1, 16, -1, 1, 64, -1, 0, 64, -1, -1, 0, -1, -2, 0, 0, -2, 0, 1, -2, 0, 2, 0, 20, 3, -1, 5, 3, 0, 4, 3, -2, 1, 1, -3, 0, 2, -3, 0, 3, -3, 0},
      {1, 1, 20, 0, 1, 80, -1, 1, 64, -1, 0, 0, -1, -1, 0, 0, -1, 64, 2, 0, 5, 2, 1, 4, 2, -1, 21, 0, -2, 0, 0, -3, 0, 1, -3, 0, 2, -3, 0, 3, -2, 1, 3, -1, 4, 3, -3, 0},
      {0, 1, 80, -1, 1, 64, -1, 0, 0, -1, -1, 0, 0, -1, 0, 1, -1, 0, 2, 0, 1, 2, 1, 5, 2, -1, 0, 0, 2, 64, 2, 3, 20, 1, 3, 80, 0, 3, 64, 3, 2, 1, 3, 3, 4, 3, 1, 0},
      {1, 0, 1, -1, 1, 64, -1, 0, 0, -1, -1, 0, 0, -1, 0, 1, -1, 0, 1, 2, 84, 0, 2, 80, -1, 2, 64, 2, 0, 0, 3, 1, 1, 3, 2, 5, 3, 0, 0, 3, 3, 4, 2, 3, 16, 1, 3, 64},
    },
    {
      {1, 0, 1, 1, 1, 4, 0, 1, 21, 0, -1, 1, 1, -1, 0, -2, 1, 80, -2, -1, 0, -2, -2, 0, -1, -2, 0, 0, -2, 0, -3, 1, 64, -3, 0, 0, -3, -1, 0, 0, 2, 4, -1, 2, 16, -2, 2, 64},
    },
    {
      {1, 0, 1, 1, 1, 4, 0, 1, 20, -1, 1, 85, 0, -1, 1, 1, -1, 0, -2, -1, 0, -3, 1, 64, -3, 0, 0, -3, -1, 0, -1, 2, 4, -2, 2, 16, -3, 2, 64, -2, -2, 0, -1, -2, 0, 0, -2, 0},
      {1, 0, 1, 1, 1, 4, 0, 1, 21, -1, -1, 1, 0, -1, 0, 1, -1, 0, -2, 1, 80, -3, 1, 64, -3, 0, 64, -3, -1, 0, -3, -2, 0, -2, -2, 0, -1, -2, 0, 0, 2, 4, -1, 2, 16, -2, 2, 64},
      {1, 0, 1, 1, 1, 4, 0, 1, 21, 0, -1, 1, 1, -1, 0, -2, 0, 64, -2, -1, 0, -2, -2, 0, -1, -2, 0, 0, -2, 0, 0, 2, 4, -1, 2, 20, -2, 2, 80, -3, 2, 64, -3, 1, 0, -3, 0, 0},
      {1, 0, 1, 1, 1, 4, 0, 1, 21, 0, -1, 1, 1, -1, 0, -2, 1, 64, -2, 0, 80, -2, -2, 0, -1, -2, 0, 0, -2, 0, 0, 2, 4, -1, 2, 16, -2, 2, 64, -3, 0, 64, -3, -1, 0, -3, -2, 0},
      {1, 0, 1, 1, 1, 5, -1, 1, 84, 0, -1, 1, 1, -1, 0, 1, 2, 4, 0, 2, 16, -1, 2, 64, -2, 1, 80, -2, -1, 0, -3, 1, 64, -3, 0, 0, -3, -1, 0, -2, -2, 0, -1, -2, 0, 0, -2, 0},
      {1, -1, 1, 1, 0, 5, -1, -1, 0, -1, -2, 0, 0, -2, 0, 1, -2, 0, 1, 1, 4, 0, 1, 21, -2, 1, 80, -2, -1, 0, -3, 1, 64, -3, 0, 0, -3, -1, 0, 0, 2, 4, -1, 2, 16, -2, 2, 64},
      {1, 0, 1, 1, 1, 4, 0, 1, 20, -1, 1, 80, 0, -1, 5, 1, -1, 0, -2, 1, 64, -2, 0, 80, -2, -2, 0, 0, -2, 1, -2, -3, 0, -1, -3, 0, 0, -3, 0, -3, 0, 64, -3, -1, 0, -3, -2, 0},
      {1, 0, 1, 1, 1, 4, 0, 1, 21, -1, -1, 0, 0, -1, 0, 1, -1, 0, -2, 0, 0, -2, -1, 0, 0, 2, 5, 0, 3, 4, -1, 3, 16, -2, 3, 64, -2, 2, 80, -3, 2, 64, -3, 1, 0, -3, 0, 0},
    },
    {
      {1, 0, 1, 1, 1, 4, 0, 1, 21, -1, -1, 0, 0, -1, 0, 1, -1, 0, -2, 0, 0, -2, -1, 0, 0, 2, 4, -1, 2, 21, -3, 2, 64, -3, 1, 0, -3, 0, 0, -1, 3, 4, -2, 3, 16, -3, 3, 64},
      {1, 0, 1, 1, 1, 4, 0, 1, 20, -1, 1, 80, 0, -1, 1, 1, -1, 0, -2, 1, 64, -2, 0, 80, -1, -2, 1, 0, -2, 0, -3, 0, 64, -3, -1, 64, -3, -2, 0, -3, -3, 0, -2, -3, 0, -1, -3, 0},
      {1, 0, 5, 1, 1, 4, 0, 1, 16, -1, 1, 64, -1, 0, 80, 1, -1, 1, 0, -2, 1, 1, -2, 0, -2, 0, 64, -2, -1, 80, -2, -3, 0, -1, -3, 0, 0, -3, 0, -3, -1, 64, -3, -2, 0, -3, -3, 0},
      {1, 0, 1, 1, 1, 5, -1, 0, 0, -1, -1, 0, 0, -1, 0, 1, -1, 0, 1, 2, 4, 0, 2, 21, -2, 1, 0, -2, 0, 0, 0, 3, 4, -1, 3, 20, -2, 3, 80, -3, 3, 64, -3, 2, 0, -3, 1, 0},
      {1, 0, 1, -1, 1, 64, -1, 0, 0, -1, -1, 0, 0, -1, 0, 1, -1, 0, 0, 2, 80, -1, 2, 64, 2, 1, 1, 2, 0, 0, 2, 3, 20, 1, 3, 80, 0, 3, 64, 3, 2, 1, 3, 3, 4, 3, 1, 0},
      {1, 0, 21, 1, 1, 4, 0, 1, 16, -1, 1, 64, -1, 0, 64, -1, -1, 0, -1, -2, 0, 0, -2, 0, 2, -1, 21, 2, 0, 4, 0, -3, 0, 1, -3, 0, 2, -3, 0, 3, -2, 1, 3, -1, 4, 3, -3, 0},
      {1, 1, 20, 0, 1, 80, -1, 1, 64, -1, 0, 0, -1, -1, 0, 0, -1, 0, 2, 0, 21, 2, 1, 4, 0, -2, 0, 1, -2, 0, 3, -1, 5, 3, 0, 4, 3, -2, 1, 1, -3, 0, 2, -3, 0, 3, -3, 0},
      {0, 1, 80, -1, 1, 64, -1, 0, 0, -1, -1, 0, 0, -1, 0, 1, -1, 0, 2, 0, 1, 2, -1, 0, 1, 2, 80, 0, 2, 64, 3, 1, 1, 3, 2, 5, 3, 0, 0, 3, 3, 4, 2, 3, 16, 1, 3, 64},
    },
    {
      {1, 0, 1, 1, 1, 4, 0, 1, 20, -1, 1, 84, -1, -1, 1, 0, -1, 0, 1, -1, 0, -2, 1, 80, -3, 1, 64, -3, 0, 80, -3, -2, 0, -2, -2, 0, -1, -2, 0, -4, 0, 64, -4, -1, 0, -4, -2, 0},
      {1, 0, 1, 1, 1, 4, 0, 1, 20, -1, 1, 85, -1, -1, 0, 0, -1, 0, 1, -1, 0, -2, -1, 0, -3, 0, 0, -3, -1, 0, -1, 2, 4, -2, 2, 20, -3, 2, 80, -4, 2, 64, -4, 1, 0, -4, 0, 0},
      {1, 0, 5, 1, 1, 4, 0, 1, 16, -1, 1, 64, -1, 0, 64, -1, -1, 80, 1, -1, 5, 1, -2, 1, 0, -3, 1, 1, -3, 0, -2, -1, 64, -2, -2, 64, -2, -3, 0, -2, -4, 0, -1, -4, 0, 0, -4, 0},
      {1, 0, 1, 1, 1, 5, -1, 1, 64, -1, 0, 0, -1, -1, 0, 0, -1, 0, 1, -1, 0, 1, 2, 5, 1, 3, 4, 0, 3, 21, -2, 3, 64, -2, 2, 0, -2, 1, 0, 0, 4, 4, -1, 4, 16, -2, 4, 64},
      {1, 0, 1, 1, 1, 5, -1, 1, 64, -1, 0, 0, -1, -1, 0, 0, -1, 0, 1, -1, 0, -1, 2, 64, 0, 3, 80, -1, 3, 64, 2, 2, 1, 2, 3, 5, 2, 1, 0, 2, 4, 4, 1, 4, 16, 0, 4, 64},
      {1, 0, 5, 1, 1, 4, 0, 1, 16, -1, 1, 64, -1, 0, 64, -1, -1, 64, 1, -1, 21, -1, -2, 0, -1, -3, 0, 0, -3, 0, 2, -2, 5, 2, -1, 4, 2, -3, 1, 0, -4, 0, 1, -4, 0, 2, -4, 0},
      {1, 0, 5, 1, 1, 4, 0, 1, 16, -1, 1, 64, -1, 0, 80, 1, -1, 1, 0, -2, 5, 1, -2, 0, -2, 0, 64, -2, -1, 64, -2, -2, 64, -2, -3, 0, 0, -3, 1, -2, -4, 0, -1, -4, 0, 0, -4, 0},
      {1, 0, 1, 1, 1, 5, -1, 0, 0, -1, -1, 0, 0, -1, 0, 1, -1, 0, 1, 2, 4, 0, 2, 21, -2, 2, 64, -2, 1, 0, -2, 0, 0, 0, 3, 5, -2, 3, 64, 0, 4, 4, -1, 4, 16, -2, 4, 64},
      {1, 0, 1, -1, 1, 64, -1, 0, 0, -1, -1, 0, 0, -1, 0, 1, -1, 0, 0, 2, 80, -1, 2, 64, 2, 1, 1, 2, 2, 5, 2, 0, 0, 2, 3, 5, 0, 3, 64, 2, 4, 4, 1, 4, 16, 0, 4, 64},
      {1, 0, 21, 1, 1, 4, 0, 1, 16, -1, 1, 64, -1, 0, 64, -1, -1, 0, -1, -2, 0, 0, -2, 64, 2, -1, 5, 2, 0, 4, 2, -2, 5, 0, -3, 0, 2, -3, 1, 0, -4, 0, 1, -4, 0, 2, -4, 0},
      {1, 0, 1, 1, 1, 4, 0, 1, 20, -1, 1, 80, 0, -1, 1, 1, -1, 0, -2, 1, 64, -2, 0, 84, -2, -2, 0, -1, -2, 0, 0, -2, 0, -3, 0, 80, -3, -2, 0, -4, 0, 64, -4, -1, 0, -4, -2, 0},
      {1, 0, 1, 1, 1, 4, 0, 1, 21, -1, -1, 0, 0, -1, 0, 1, -1, 0, -2, 0, 0, -2, -1, 0, 0, 2, 4, -1, 2, 20, -2, 2, 84, -3, 2, 80, -3, 0, 0, -4, 2, 64, -4, 1, 0, -4, 0, 0},
    },
    {
      {1, 0, 1, 1, 1, 4, 0, 1, 20, -1, 1, 84, -1, -1, 5, 0, -1, 0, 1, -1, 0, -2, 1, 80, -3, 1, 64, -3, 0, 64, -3, -1, 64, -3, -2, 0, -1, -2, 1, -3, -3, 0, -2, -3, 0, -1, -3, 0},
      {1, 0, 1, 1, 1, 4, 0, 1, 20, -1, 1, 85, -1, -1, 0, 0, -1, 0, 1, -1, 0, -2, -1, 0, -3, 1, 64, -3, 0, 0, -3, -1, 0, -1, 2, 5, -3, 2, 64, -1, 3, 4, -2, 3, 16, -3, 3, 64},
      {1, 0, 5, 1, 1, 4, 0, 1, 16, -1, 1, 64, -1, 0, 64, -1, -1, 84, 1, -1, 5, 1, -2, 1, -1, -3, 0, 0, -3, 0, 1, -3, 0, -2, -1, 80, -2, -3, 0, -3, -1, 64, -3, -2, 0, -3, -3, 0},
      {1, 0, 1, 1, 1, 5, -1, 1, 64, -1, 0, 0, -1, -1, 0, 0, -1, 0, 1, -1, 0, 1, 2, 5, 1, 3, 4, 0, 3, 20, -1, 3, 84, -2, 3, 80, -2, 1, 0, -3, 3, 64, -3, 2, 0, -3, 1, 0},
      {1, 0, 5, 1, 1, 4, 0, 1, 16, -1, 1, 64, -1, 0, 64, -1, -1, 64, 1, -1, 85, -1, -2, 0, -1, -3, 0, 0, -3, 0, 1, -3, 0, 2, -1, 20, 2, -3, 0, 3, -2, 1, 3, -1, 4, 3, -3, 0},
      {1, 0, 1, 1, 1, 5, -1, 1, 64, -1, 0, 0, -1, -1, 0, 0, -1, 0, 1, -1, 0, -1, 2, 64, 1, 3, 84, 0, 3, 80, -1, 3, 64, 2, 3, 20, 2, 1, 0, 3, 2, 1, 3, 3, 4, 3, 1, 0},
      {1, 1, 84, 0, 1, 80, -1, 1, 64, -1, 0, 0, -1, -1, 0, 0, -1, 0, 1, -1, 0, 2, -1, 0, 3, 0, 1, 3, 1, 5, 3, -1, 0, 3, 2, 5, 1, 2, 64, 3, 3, 4, 2, 3, 16, 1, 3, 64},
      {1, 1, 84, 0, 1, 80, -1, 1, 64, -1, 0, 0, -1, -1, 0, 0, -1, 0, 1, -1, 64, 2, 1, 20, 3, 0, 5, 3, 1, 4, 3, -1, 5, 1, -2, 0, 3, -2, 1, 1, -3, 0, 2, -3, 0, 3, -3, 0},
    },
    {
      {1, 0, 5, 1, 1, 4, 0, 1, 20, -1, 1, 84, 1, -1, 1, -1, -2, 0, 0, -2, 0, 1, -2, 0, -2, -1, 0, -2, -2, 0, -2, 1, 80, -3, 1, 64, -3, 0, 0, -3, -1, 0},
      {1, 0, 1, 1, 1, 5, -1, -1, 0, 0, -1, 0, 1, -1, 0, 1, 2, 4, 0, 2, 20, -1, 2, 80, -2, 2, 64, -2, 1, 80, -2, -1, 0, -3, 1, 64, -3, 0, 0, -3, -1, 0},
      {1, 0, 5, 1, 1, 4, 0, 1, 20, -1, 1, 80, 1, -1, 5, -2, 1, 64, -2, 0, 64, -2, -1, 0, -2, -2, 0, -1, -2, 0, 1, -2, 1, -1, -3, 0, 0, -3, 0, 1, -3, 0},
      {1, 0, 1, 1, 1, 5, -1, -1, 0, 0, -1, 0, 1, -1, 0, -2, 1, 64, -2, 0, 0, -2, -1, 0, -1, 2, 80, -2, 2, 64, 1, 2, 5, 1, 3, 4, 0, 3, 16, -1, 3, 64},
      {1, 0, 1, 1, 1, 4, 0, 1, 20, -1, 1, 84, 0, -1, 1, 1, -1, 0, -2, 1, 80, -2, -2, 0, -1, -2, 0, 0, -2, 0, -3, 0, 64, -3, -1, 0, -3, -2, 0, -3, 1, 64},
      {1, 0, 1, 1, 1, 4, 0, 1, 21, -1, -1, 0, 0, -1, 0, 1, -1, 0, -2, -1, 0, 0, 2, 4, -1, 2, 20, -2, 2, 80, -3, 2, 64, -3, 1, 64, -3, 0, 0, -3, -1, 0},
      {1, 0, 5, 1, 1, 4, 0, 1, 16, -1, 1, 64, -1, 0, 80, 1, -1, 5, 1, -2, 1, -2, 0, 64, -2, -1, 64, -2, -2, 0, -2, -3, 0, -1, -3, 0, 0, -3, 0, 1, -3, 0},
      {1, 0, 1, 1, 1, 5, -1, 0, 0, -1, -1, 0, 0, -1, 0, 1, -1, 0, 1, 2, 5, -2, 2, 64, -2, 1, 0, -2, 0, 0, 0, 3, 20, -1, 3, 80, -2, 3, 64, 1, 3, 4},
      {1, 0, 1, -1, 1, 64, -1, 0, 0, -1, -1, 0, 0, -1, 0, 1, -1, 0, -1, 2, 64, 2, 1, 1, 2, 2, 5, 2, 0, 0, 2, 3, 4, 1, 3, 20, 0, 3, 80, -1, 3, 64},
      {1, 0, 21, 1, 1, 4, 0, 1, 16, -1, 1, 64, -1, 0, 64, -1, -1, 64, -1, -2, 0, -1, -3, 0, 0, -3, 0, 1, -3, 0, 2, -2, 1, 2, -1, 5, 2, -3, 0, 2, 0, 4},
    },
    {
      {1, 0, 1, 1, 1, 4, 0, 1, 20, -1, 1, 85, -1, -1, 1, 0, -1, 0, 1, -1, 0, -3, 1, 64, -3, 0, 64, -3, -1, 0, -3, -2, 0, -2, -2, 0, -1, -2, 0, -1, 2, 4, -2, 2, 16, -3, 2, 64},
      {1, 0, 5, 1, 1, 4, 0, 1, 16, -1, 1, 64, -1, 0, 64, -1, -1, 80, 1, -1, 21, -1, -3, 0, 0, -3, 0, 1, -3, 0, -2, -1, 64, -2, -2, 0, -2, -3, 0, 2, -2, 1, 2, -1, 4, 2, -3, 0},
      {1, 0, 1, 1, 1, 5, -1, 1, 64, -1, 0, 0, -1, -1, 0, 0, -1, 0, 1, -1, 0, 1, 3, 20, 0, 3, 84, -1, 3, 80, -2, 3, 64, -2, 2, 0, -2, 1, 0, 2, 2, 1, 2, 3, 4, 2, 1, 0},
      {1, 0, 1, 1, 1, 4, 0, 1, 20, -1, 1, 84, 0, -1, 5, 1, -1, 0, -2, 1, 80, -2, -1, 64, -3, 1, 64, -3, 0, 0, -3, -1, 0, -2, -2, 0, 0, -2, 1, -2, -3, 0, -1, -3, 0, 0, -3, 0},
      {1, 0, 1, 1, 1, 4, 0, 1, 21, -1, -1, 0, 0, -1, 0, 1, -1, 0, -2, 1, 80, -2, -1, 0, -3, 1, 64, -3, 0, 0, -3, -1, 0, 0, 2, 5, -2, 2, 64, 0, 3, 4, -1, 3, 16, -2, 3, 64},
      {1, 0, 5, 1, 1, 5, -1, 1, 84, -1, -1, 0, 1, -1, 1, -1, -2, 0, 0, -2, 0, 1, -2, 0, 1, 2, 4, 0, 2, 16, -1, 2, 64, -2, 1, 80, -2, -1, 0, -3, 1, 64, -3, 0, 0, -3, -1, 0},
    },
    {
      {1, 0, 5, 1, 1, 4, 0, 1, 16, -1, 1, 68, -1, 0, 85, 1, -1, 1, -1, -2, 0, 0, -2, 0, 1, -2, 0, -2, -2, 0, -3, 0, 64, -3, -1, 0, -3, -2, 0, -2, 1, 16, -3, 1, 64},
      {1, 0, 1, 1, 1, 5, -1, 0, 1, -1, -1, 0, 0, -1, 0, 1, -1, 0, 1, 2, 4, 0, 2, 20, -1, 2, 84, -2, 2, 80, -3, 2, 64, -3, 1, 64, -3, 0, 0, -3, -1, 0, -2, -1, 0},
      {1, 0, 5, 1, 1, 5, -1, 0, 80, 1, -1, 1, -1, -2, 0, 0, -2, 0, 1, -2, 0, -2, 0, 64, -2, -1, 0, -2, -2, 0, 1, 2, 4, 0, 2, 20, -1, 2, 80, -2, 2, 64, -2, 1, 0},
      {1, -1, 1, 1, 0, 4, 0, 0, 21, -1, -2, 0, 0, -2, 0, 1, -2, 0, -2, 0, 64, -2, -1, 0, -2, -2, 0, -2, 1, 64, 0, 2, 20, -1, 2, 80, -2, 2, 64, 1, 1, 1, 1, 2, 4},
      {0, 1, 1, 0, 2, 4, -1, 2, 20, -2, 2, 80, -1, 0, 21, 0, 0, 4, -3, 2, 64, -3, 1, 64, -3, 0, 64, -3, -1, 0, -3, -2, 0, -2, -2, 0, -1, -2, 0, 0, -1, 1, 0, -2, 0},
    },
  },
  {
    {
      {1, 0, 5, 1, 1, 4, 0, 1, 16, -1, 1, 64, -1, 0, 64, -1, -1, 64, 1, -1, 5, -1, -2, 64, 1, -2, 5, -1, -3, 64, 1, -3, 5, -1, -4, 0, 1, -4, 1, -1, -5, 0, 0, -5, 0, 1, -5, 0},
      {1, 1, 84, 0, 1, 80, -1, 1, 64, -1, 0, 0, -1, -1, 0, 0, -1, 0, 1, -1, 0, 2, 1, 84, 2, -1, 0, 3, 1, 84, 3, -1, 0, 4, 1, 20, 4, -1, 0, 5, 0, 1, 5, 1, 4, 5, -1, 0},
      {1, 0, 1, 1, 1, 5, -1, 1, 64, -1, 0, 0, -1, -1, 0, 0, -1, 0, 1, -1, 0, 1, 2, 5, -1, 2, 64, 1, 3, 5, -1, 3, 64, 1, 4, 5, -1, 4, 64, 1, 5, 4, 0, 5, 16, -1, 5, 64},
    },
    {
      {1, 0, 5, 1, 1, 4, 0, 1, 16, -1, 1, 64, -1, 0, 64, -1, -1, 64, 1, -1, 5, -1, -2, 80, 1, -2, 5, 1, -3, 1, -1, -4, 0, 0, -4, 0, 1, -4, 0, -2, -2, 64, -2, -3, 0, -2, -4, 0},
      {1, 0, 5, 1, 1, 4, 0, 1, 16, -1, 1, 64, -1, 0, 64, -1, -1, 64, 1, -1, 5, -1, -2, 64, 1, -2, 21, -1, -3, 0, -1, -4, 0, 0, -4, 0, 1, -4, 0, 2, -3, 1, 2, -2, 4, 2, -4, 0},
      {1, 1, 84, 0, 1, 80, -1, 1, 64, -1, 0, 0, -1, -1, 0, 0, -1, 0, 1, -1, 0, 2, 1, 84, 2, -1, 0, 3, 1, 20, 4, 0, 5, 4, 1, 4, 4, -1, 1, 2, -2, 0, 3, -2, 0, 4, -2, 0},
      {1, 1, 84, 0, 1, 80, -1, 1, 64, -1, 0, 0, -1, -1, 0, 0, -1, 0, 1, -1, 0, 2, 1, 84, 2, -1, 0, 3, -1, 0, 4, 0, 1, 4, 1, 5, 4, -1, 0, 4, 2, 4, 3, 2, 16, 2, 2, 64},
      {1, 0, 1, 1, 1, 5, -1, 1, 64, -1, 0, 0, -1, -1, 0, 0, -1, 0, 1, -1, 0, 1, 2, 5, -1, 2, 64, -1, 3, 64, 1, 4, 20, 0, 4, 80, -1, 4, 64, 2, 3, 1, 2, 4, 4, 2, 2, 0},
      {1, 0, 1, 1, 1, 5, -1, 1, 64, -1, 0, 0, -1, -1, 0, 0, -1, 0, 1, -1, 0, 1, 2, 5, -1, 2, 64, 1, 3, 5, 1, 4, 4, 0, 4, 20, -1, 4, 80, -2, 4, 64, -2, 3, 0, -2, 2, 0},
      {1, 1, 20, 0, 1, 80, -1, 1, 64, -1, 0, 0, -1, -1, 0, 0, -1, 64, 2, 0, 5, 2, 1, 4, 2, -1, 5, 0, -2, 64, 2, -2, 5, 0, -3, 0, 2, -3, 1, 0, -4, 0, 1, -4, 0, 2, -4, 0},
      {1, 0, 85, 1, 1, 4, 0, 1, 16, -1, 1, 64, -1, 0, 64, -1, -1, 0, -1, -2, 0, 0, -2, 0, 1, -2, 0, 2, 0, 84, 2, -2, 0, 3, 0, 20, 3, -2, 0, 4, -1, 1, 4, 0, 4, 4, -2, 0},
      {1, 0, 1, -1, 1, 64, -1, 0, 0, -1, -1, 0, 0, -1, 0, 1, -1, 0, 1, 2, 84, 0, 2, 80, -1, 2, 64, 2, 2, 84, 2, 0, 0, 3, 2, 20, 3, 0, 0, 4, 1, 1, 4, 2, 4, 4, 0, 0},
      {0, 1, 80, -1, 1, 64, -1, 0, 0, -1, -1, 0, 0, -1, 0, 1, -1, 0, 2, 0, 1, 2, 1, 5, 2, -1, 0, 2, 2, 5, 0, 2, 64, 2, 3, 5, 0, 3, 64, 2, 4, 4, 1, 4, 16, 0, 4, 64},
    },
    {
      {1, 0, 5, 1, 1, 4, 0, 1, 16, -1, 1, 64, -1, 0, 64, -1, -1, 64, 1, -1, 21, -1, -2, 64, -1, -3, 0, 1, -3, 1, -1, -4, 0, 0, -4, 0, 1, -4, 0, 2, -2, 1, 2, -1, 4, 2, -3, 0},
      {1, 0, 5, 1, 1, 4, 0, 1, 16, -1, 1, 64, -1, 0, 64, -1, -1, 80, 1, -1, 5, 1, -2, 5, -1, -3, 0, 1, -3, 1, -1, -4, 0, 0, -4, 0, 1, -4, 0, -2, -1, 64, -2, -2, 0, -2, -3, 0},
      {1, 0, 1, 1, 1, 5, -1, 1, 64, -1, 0, 0, -1, -1, 0, 0, -1, 0, 1, -1, 0, 1, 2, 5, 1, 3, 5, -1, 3, 80, 1, 4, 4, 0, 4, 16, -1, 4, 64, -2, 3, 64, -2, 2, 0, -2, 1, 0},
      {1, 0, 1, 1, 1, 5, -1, 1, 64, -1, 0, 0, -1, -1, 0, 0, -1, 0, 1, -1, 0, -1, 2, 64, 1, 3, 21, -1, 3, 64, 1, 4, 4, 0, 4, 16, -1, 4, 64, 2, 2, 1, 2, 3, 4, 2, 1, 0},
      {1, 1, 84, 0, 1, 80, -1, 1, 64, -1, 0, 0, -1, -1, 0, 0, -1, 0, 1, -1, 0, 2, 1, 84, 3, 1, 20, 3, -1, 1, 4, 0, 1, 4, 1, 4, 4, -1, 0, 1, -2, 0, 2, -2, 0, 3, -2, 0},
      {1, 1, 84, 0, 1, 80, -1, 1, 64, -1, 0, 0, -1, -1, 0, 0, -1, 0, 1, -1, 0, 2, -1, 0, 3, 1, 21, 3, -1, 0, 4, 0, 1, 4, 1, 4, 4, -1, 0, 3, 2, 4, 2, 2, 16, 1, 2, 64},
      {1, 0, 21, 1, 1, 4, 0, 1, 16, -1, 1, 64, -1, 0, 64, -1, -1, 64, -1, -2, 64, 1, -2, 5, -1, -3, 0, 1, -3, 1, -1, -4, 0, 0, -4, 0, 1, -4, 0, 2, -1, 1, 2, 0, 4, 2, -2, 0},
      {1, 0, 5, 1, 1, 4, 0, 1, 16, -1, 1, 64, -1, 0, 80, 1, -1, 5, -1, -2, 64, 1, -2, 5, -1, -3, 0, 1, -3, 1, -1, -4, 0, 0, -4, 0, 1, -4, 0, -2, 0, 64, -2, -1, 0, -2, -2, 0},
      {1, 0, 1, -1, 1, 64, -1, 0, 0, -1, -1, 0, 0, -1, 0, 1, -1, 0, 1, 2, 21, -1, 2, 64, 1, 3, 5, -1, 3, 64, 1, 4, 4, 0, 4, 16, -1, 4, 64, 2, 1, 1, 2, 2, 4, 2, 0, 0},
      {1, 0, 1, 1, 1, 5, -1, 0, 0, -1, -1, 0, 0, -1, 0, 1, -1, 0, 1, 2, 5, -1, 2, 80, 1, 3, 5, -1, 3, 64, 1, 4, 4, 0, 4, 16, -1, 4, 64, -2, 2, 64, -2, 1, 0, -2, 0, 0},
      {1, 1, 84, 0, 1, 80, -1, 1, 64, -1, 0, 0, -1, -1, 0, 0, -1, 0, 2, 1, 84, 2, -1, 1, 0, -2, 0, 1, -2, 0, 2, -2, 0, 3, 1, 20, 3, -1, 0, 4, 0, 1, 4, 1, 4, 4, -1, 0},
      {0, 1, 80, -1, 1, 64, -1, 0, 0, -1, -1, 0, 0, -1, 0, 1, -1, 0, 2, 1, 85, 2, -1, 0, 2, 2, 4, 1, 2, 16, 0, 2, 64, 3, 1, 20, 3, -1, 0, 4, 0, 1, 4, 1, 4, 4, -1, 0},
      {0, 1, 80, -1, 1, 64, -1, 0, 0, -1, -1, 0, 0, -1, 64, 2, 0, 5, 2, 1, 5, 2, -1, 5, 0, -2, 0, 2, -2, 1, 0, -3, 0, 1, -3, 0, 2, -3, 0, 2, 2, 4, 1, 2, 16, 0, 2, 64},
      {0, 1, 80, -1, 1, 64, -1, 0, 0, -1, -1, 0, 0, -1, 0, 2, 0, 5, 2, 1, 5, 2, -1, 1, 0, -2, 0, 1, -2, 0, 2, -2, 0, 2, 2, 5, 0, 2, 64, 2, 3, 4, 1, 3, 16, 0, 3, 64},
    },
    {
      {1, 0, 1, -1, 1, 64, -1, 0, 0, -1, -1, 0, 0, -1, 0, 1, -1, 0, 1, 2, 84, 0, 2, 80, -1, 2, 64, 2, 0, 0, 3, 1, 1, 3, 2, 5, 3, 0, 0, 3, 3, 4, 2, 3, 16, 1, 3, 64},
      {0, 1, 80, -1, 1, 64, -1, 0, 0, -1, -1, 0, 0, -1, 0, 1, -1, 0, 2, 0, 1, 2, 1, 5, 2, -1, 0, 0, 2, 64, 2, 3, 20, 1, 3, 80, 0, 3, 64, 3, 2, 1, 3, 3, 4, 3, 1, 0},
      {1, 1, 20, 0, 1, 80, -1, 1, 64, -1, 0, 0, -1, -1, 0, 0, -1, 64, 2, 0, 5, 2, 1, 4, 2, -1, 21, 0, -2, 0, 0, -3, 0, 1, -3, 0, 2, -3, 0, 3, -2, 1, 3, -1, 4, 3, -3, 0},
      {1, 0, 85, 1, 1, 4, 0, 1, 16, -1, 1, 64, -1, 0, 64, -1, -1, 0, -1, -2, 0, 0, -2, 0, 1, -2, 0, 2, 0, 20, 3, -1, 5, 3, 0, 4, 3, -2, 1, 1, -3, 0, 2, -3, 0, 3, -3, 0},
      {1, 0, 5, 1, 1, 4, 0, 1, 16, -1, 1, 64, -1, 0, 84, 1, -1, 1, -1, -2, 1, 0, -2, 0, 1, -2, 0, -2, 0, 80, -3, 0, 64, -3, -1, 64, -3, -2, 0, -3, -3, 0, -2, -3, 0, -1, -3, 0},
      {1, 0, 1, 1, 1, 4, 0, 1, 20, -1, 1, 80, 0, -1, 5, 1, -1, 0, -2, 1, 64, -2, 0, 64, -2, -1, 80, 0, -2, 1, -2, -3, 0, -1, -3, 0, 0, -3, 0, -3, -1, 64, -3, -2, 0, -3, -3, 0},
      {1, 0, 1, 1, 1, 4, 0, 1, 21, -1, -1, 0, 0, -1, 0, 1, -1, 0, -2, 1, 64, -2, 0, 0, -2, -1, 0, 0, 2, 5, 0, 3, 4, -1, 3, 20, -2, 3, 80, -3, 3, 64, -3, 2, 0, -3, 1, 0},
      {1, 0, 1, 1, 1, 5, -1, 0, 0, -1, -1, 0, 0, -1, 0, 1, -1, 0, 1, 2, 4, 0, 2, 20, -1, 2, 85, -2, 0, 0, -3, 2, 64, -3, 1, 0, -3, 0, 0, -1, 3, 4, -2, 3, 16, -3, 3, 64},
    },
    {
      {0, 1, 80, -1, 1, 64, -1, 0, 0, -1, -1, 0, 0, -1, 0, 2, 1, 21, 2, -1, 1, 0, -2, 0, 1, -2, 0, 2, -2, 0, 3, 0, 1, 3, 1, 4, 3, -1, 0, 2, 2, 4, 1, 2, 16, 0, 2, 64},
    },
    {
      {1, 1, 84, 0, 1, 80, -1, 1, 64, -1, 0, 0, -1, -1, 0, 0, -1, 0, 2, -1, 1, 3, 0, 1, 3, 1, 5, 3, -1, 0, 3, 2, 4, 2, 2, 16, 1, 2, 64, 0, -2, 0, 1, -2, 0, 2, -2, 0},
      {0, 1, 80, -1, 1, 64, -1, 0, 0, -1, -1, 0, 0, -1, 0, 1, -1, 0, 2, 1, 21, 3, 0, 5, 3, 1, 4, 3, -1, 1, 1, -2, 0, 2, -2, 0, 3, -2, 0, 2, 2, 4, 1, 2, 16, 0, 2, 64},
      {0, 1, 80, -1, 1, 64, -1, 0, 0, -1, -1, 0, 0, -1, 0, 2, -1, 1, 2, 0, 5, 0, -2, 0, 1, -2, 0, 2, -2, 0, 2, 2, 20, 1, 2, 80, 0, 2, 64, 3, 1, 1, 3, 2, 4, 3, 0, 0},
      {0, 1, 80, -1, 1, 64, -1, 0, 0, -1, -1, 0, 0, -1, 0, 2, 0, 21, 2, 1, 5, 0, -2, 0, 1, -2, 0, 2, -2, 0, 2, 2, 4, 1, 2, 16, 0, 2, 64, 3, -1, 1, 3, 0, 4, 3, -2, 0},
      {1, 1, 85, -1, 1, 64, -1, 0, 0, -1, -1, 0, 0, -1, 0, 1, 2, 4, 0, 2, 16, -1, 2, 64, 2, 1, 20, 2, -1, 1, 3, 0, 1, 3, 1, 4, 3, -1, 0, 0, -2, 0, 1, -2, 0, 2, -2, 0},
      {1, -1, 1, -1, 0, 64, -1, -1, 0, -1, -2, 0, 0, -2, 0, 1, -2, 0, 0, 1, 80, -1, 1, 64, 2, 1, 21, 2, -1, 0, 3, 0, 1, 3, 1, 4, 3, -1, 0, 2, 2, 4, 1, 2, 16, 0, 2, 64},
      {1, 1, 20, 0, 1, 80, -1, 1, 64, -1, 0, 0, -1, -1, 0, 0, -1, 64, 2, 0, 21, 2, 1, 4, 0, -2, 0, 2, -2, 1, 0, -3, 0, 1, -3, 0, 2, -3, 0, 3, -1, 1, 3, 0, 4, 3, -2, 0},
      {0, 1, 80, -1, 1, 64, -1, 0, 0, -1, -1, 0, 0, -1, 0, 1, -1, 0, 2, 0, 1, 2, -1, 0, 2, 2, 21, 2, 3, 4, 1, 3, 16, 0, 3, 64, 0, 2, 64, 3, 1, 1, 3, 2, 4, 3, 0, 0},
    },
    {
      {0, 1, 80, -1, 1, 64, -1, 0, 0, -1, -1, 0, 0, -1, 0, 1, -1, 0, 2, 0, 1, 2, -1, 0, 1, 2, 80, 0, 2, 64, 3, 1, 1, 3, 2, 5, 3, 0, 0, 3, 3, 4, 2, 3, 16, 1, 3, 64},
      {1, 1, 20, 0, 1, 80, -1, 1, 64, -1, 0, 0, -1, -1, 0, 0, -1, 0, 2, 0, 21, 2, 1, 4, 0, -2, 0, 1, -2, 0, 3, -1, 5, 3, 0, 4, 3, -2, 1, 1, -3, 0, 2, -3, 0, 3, -3, 0},
      {1, 0, 21, 1, 1, 4, 0, 1, 16, -1, 1, 64, -1, 0, 64, -1, -1, 0, -1, -2, 0, 0, -2, 0, 2, -1, 21, 2, 0, 4, 0, -3, 0, 1, -3, 0, 2, -3, 0, 3, -2, 1, 3, -1, 4, 3, -3, 0},
      {1, 0, 1, -1, 1, 64, -1, 0, 0, -1, -1, 0, 0, -1, 0, 1, -1, 0, 0, 2, 80, -1, 2, 64, 2, 1, 1, 2, 0, 0, 2, 3, 20, 1, 3, 80, 0, 3, 64, 3, 2, 1, 3, 3, 4, 3, 1, 0},
      {1, 0, 1, 1, 1, 5, -1, 0, 0, -1, -1, 0, 0, -1, 0, 1, -1, 0, 1, 2, 4, 0, 2, 21, -2, 1, 0, -2, 0, 0, 0, 3, 4, -1, 3, 20, -2, 3, 80, -3, 3, 64, -3, 2, 0, -3, 1, 0},
      {1, 0, 5, 1, 1, 4, 0, 1, 16, -1, 1, 64, -1, 0, 80, 1, -1, 1, 0, -2, 1, 1, -2, 0, -2, 0, 64, -2, -1, 80, -2, -3, 0, -1, -3, 0, 0, -3, 0, -3, -1, 64, -3, -2, 0, -3, -3, 0},
      {1, 0, 1, 1, 1, 4, 0, 1, 20, -1, 1, 80, 0, -1, 1, 1, -1, 0, -2, 1, 64, -2, 0, 80, -1, -2, 1, 0, -2, 0, -3, 0, 64, -3, -1, 64, -3, -2, 0, -3, -3, 0, -2, -3, 0, -1, -3, 0},
      {1, 0, 1, 1, 1, 4, 0, 1, 21, -1, -1, 0, 0, -1, 0, 1, -1, 0, -2, 0, 0, -2, -1, 0, 0, 2, 4, -1, 2, 21, -3, 2, 64, -3, 1, 0, -3, 0, 0, -1, 3, 4, -2, 3, 16, -3, 3, 64},
    },
    {
      {1, 1, 84, 0, 1, 80, -1, 1, 64, -1, 0, 0, -1, -1, 0, 0, -1, 0, 1, -1, 0, 2, 1, 20, 3, 0, 21, 3, 1, 4, 1, -2, 0, 2, -2, 0, 3, -2, 0, 4, -1, 1, 4, 0, 4, 4, -2, 0},
      {1, 1, 84, 0, 1, 80, -1, 1, 64, -1, 0, 0, -1, -1, 0, 0, -1, 0, 1, -1, 0, 2, -1, 0, 3, 0, 1, 3, -1, 0, 3, 2, 20, 2, 2, 80, 1, 2, 64, 4, 1, 1, 4, 2, 4, 4, 0, 0},
      {1, 0, 5, 1, 1, 4, 0, 1, 16, -1, 1, 64, -1, 0, 64, -1, -1, 64, 1, -1, 21, -1, -2, 0, -1, -3, 0, 0, -3, 0, 2, -2, 5, 2, -1, 4, 2, -3, 1, 0, -4, 0, 1, -4, 0, 2, -4, 0},
      {1, 0, 1, 1, 1, 5, -1, 1, 64, -1, 0, 0, -1, -1, 0, 0, -1, 0, 1, -1, 0, -1, 2, 64, 0, 3, 80, -1, 3, 64, 2, 2, 1, 2, 3, 5, 2, 1, 0, 2, 4, 4, 1, 4, 16, 0, 4, 64},
      {1, 0, 1, 1, 1, 5, -1, 1, 64, -1, 0, 0, -1, -1, 0, 0, -1, 0, 1, -1, 0, 1, 2, 5, 1, 3, 4, 0, 3, 21, -2, 3, 64, -2, 2, 0, -2, 1, 0, 0, 4, 4, -1, 4, 16, -2, 4, 64},
      {1, 0, 5, 1, 1, 4, 0, 1, 16, -1, 1, 64, -1, 0, 64, -1, -1, 80, 1, -1, 5, 1, -2, 1, 0, -3, 1, 1, -3, 0, -2, -1, 64, -2, -2, 64, -2, -3, 0, -2, -4, 0, -1, -4, 0, 0, -4, 0},
      {1, 0, 21, 1, 1, 4, 0, 1, 16, -1, 1, 64, -1, 0, 64, -1, -1, 0, -1, -2, 0, 0, -2, 64, 2, -1, 5, 2, 0, 4, 2, -2, 5, 0, -3, 0, 2, -3, 1, 0, -4, 0, 1, -4, 0, 2, -4, 0},
      {1, 0, 1, -1, 1, 64, -1, 0, 0, -1, -1, 0, 0, -1, 0, 1, -1, 0, 0, 2, 80, -1, 2, 64, 2, 1, 1, 2, 2, 5, 2, 0, 0, 2, 3, 5, 0, 3, 64, 2, 4, 4, 1, 4, 16, 0, 4, 64},
      {1, 0, 1, 1, 1, 5, -1, 0, 0, -1, -1, 0, 0, -1, 0, 1, -1, 0, 1, 2, 4, 0, 2, 21, -2, 2, 64, -2, 1, 0, -2, 0, 0, 0, 3, 5, -2, 3, 64, 0, 4, 4, -1, 4, 16, -2, 4, 64},
      {1, 0, 5, 1, 1, 4, 0, 1, 16, -1, 1, 64, -1, 0, 80, 1, -1, 1, 0, -2, 5, 1, -2, 0, -2, 0, 64, -2, -1, 64, -2, -2, 64, -2, -3, 0, 0, -3, 1, -2, -4, 0, -1, -4, 0, 0, -4, 0},
      {1, 1, 20, 0, 1, 80, -1, 1, 64, -1, 0, 0, -1, -1, 0, 0, -1, 0, 2, 0, 85, 2, 1, 4, 0, -2, 0, 1, -2, 0, 2, -2, 0, 3, 0, 20, 3, -2, 0, 4, -1, 1, 4, 0, 4, 4, -2, 0},
      {0, 1, 80, -1, 1, 64, -1, 0, 0, -1, -1, 0, 0, -1, 0, 1, -1, 0, 2, 0, 1, 2, -1, 0, 2, 2, 84, 1, 2, 80, 0, 2, 64, 3, 2, 20, 3, 0, 0, 4, 1, 1, 4, 2, 4, 4, 0, 0},
    },
    {
      {1, 1, 84, 0, 1, 80, -1, 1, 64, -1, 0, 0, -1, -1, 0, 0, -1, 0, 1, -1, 64, 2, 1, 20, 3, 0, 5, 3, 1, 4, 3, -1, 5, 1, -2, 0, 3, -2, 1, 1, -3, 0, 2, -3, 0, 3, -3, 0},
      {1, 1, 84, 0, 1, 80, -1, 1, 64, -1, 0, 0, -1, -1, 0, 0, -1, 0, 1, -1, 0, 2, -1, 0, 3, 0, 1, 3, 1, 5, 3, -1, 0, 3, 2, 5, 1, 2, 64, 3, 3, 4, 2, 3, 16, 1, 3, 64},
      {1, 0, 5, 1, 1, 4, 0, 1, 16, -1, 1, 64, -1, 0, 64, -1, -1, 64, 1, -1, 85, -1, -2, 0, -1, -3, 0, 0, -3, 0, 1, -3, 0, 2, -1, 20, 2, -3, 0, 3, -2, 1, 3, -1, 4, 3, -3, 0},
      {1, 0, 1, 1, 1, 5, -1, 1, 64, -1, 0, 0, -1, -1, 0, 0, -1, 0, 1, -1, 0, -1, 2, 64, 1, 3, 84, 0, 3, 80, -1, 3, 64, 2, 3, 20, 2, 1, 0, 3, 2, 1, 3, 3, 4, 3, 1, 0},
      {1, 0, 5, 1, 1, 4, 0, 1, 16, -1, 1, 64, -1, 0, 64, -1, -1, 84, 1, -1, 5, 1, -2, 1, -1, -3, 0, 0, -3, 0, 1, -3, 0, -2, -1, 80, -2, -3, 0, -3, -1, 64, -3, -2, 0, -3, -3, 0},
      {1, 0, 1, 1, 1, 5, -1, 1, 64, -1, 0, 0, -1, -1, 0, 0, -1, 0, 1, -1, 0, 1, 2, 5, 1, 3, 4, 0, 3, 20, -1, 3, 84, -2, 3, 80, -2, 1, 0, -3, 3, 64, -3, 2, 0, -3, 1, 0},
      {1, 0, 1, 1, 1, 4, 0, 1, 20, -1, 1, 85, -1, -1, 0, 0, -1, 0, 1, -1, 0, -2, -1, 0, -3, 1, 64, -3, 0, 0, -3, -1, 0, -1, 2, 5, -3, 2, 64, -1, 3, 4, -2, 3, 16, -3, 3, 64},
      {1, 0, 1, 1, 1, 4, 0, 1, 20, -1, 1, 84, -1, -1, 5, 0, -1, 0, 1, -1, 0, -2, 1, 80, -3, 1, 64, -3, 0, 64, -3, -1, 64, -3, -2, 0, -1, -2, 1, -3, -3, 0, -2, -3, 0, -1, -3, 0},
    },
    {
      {1, 1, 84, 0, 1, 80, -1, 1, 64, -1, 0, 64, -1, -1, 0, -1, -2, 0, 0, -2, 0, 1, -2, 0, 2, -1, 1, 2, -2, 0, 2, 1, 20, 3, 0, 1, 3, 1, 4, 3, -1, 0},
      {-1, 1, 64, -1, 0, 0, -1, -1, 0, 0, -1, 0, 1, -1, 0, 1, 2, 20, 0, 2, 80, -1, 2, 64, 2, 1, 21, 2, 2, 4, 2, -1, 0, 3, 0, 1, 3, 1, 4, 3, -1, 0},
      {1, 1, 20, 0, 1, 80, -1, 1, 64, -1, 0, 64, -1, -1, 64, 2, 0, 5, 2, 1, 4, 2, -1, 1, 1, -2, 1, 2, -2, 0, -1, -2, 0, -1, -3, 0, 0, -3, 0, 1, -3, 0},
      {-1, 1, 64, -1, 0, 0, -1, -1, 0, 0, -1, 0, 1, -1, 0, 2, 0, 1, 2, 1, 5, 2, -1, 0, 2, 2, 4, 1, 2, 21, -1, 2, 64, 1, 3, 4, 0, 3, 16, -1, 3, 64},
      {1, 1, 84, 0, 1, 80, -1, 1, 64, -1, 0, 0, -1, -1, 0, 0, -1, 0, 2, 1, 20, 0, -2, 0, 1, -2, 0, 2, -2, 0, 3, -1, 1, 3, 0, 5, 3, -2, 0, 3, 1, 4},
      {0, 1, 80, -1, 1, 64, -1, 0, 0, -1, -1, 0, 0, -1, 0, 1, -1, 0, 2, -1, 0, 2, 2, 20, 1, 2, 80, 0, 2, 64, 3, 1, 5, 3, 2, 4, 3, 0, 1, 3, -1, 0},
      {1, 0, 21, 1, 1, 4, 0, 1, 16, -1, 1, 64, -1, 0, 64, -1, -1, 64, -1, -2, 0, 2, -1, 5, 2, 0, 4, 2, -2, 1, 0, -3, 0, 1, -3, 0, 2, -3, 0, -1, -3, 0},
      {1, 0, 1, -1, 1, 64, -1, 0, 0, -1, -1, 0, 0, -1, 0, 1, -1, 0, -1, 2, 64, 2, 1, 1, 2, 2, 5, 2, 0, 0, 2, 3, 4, 1, 3, 20, 0, 3, 80, -1, 3, 64},
      {1, 0, 1, 1, 1, 5, -1, 0, 0, -1, -1, 0, 0, -1, 0, 1, -1, 0, 1, 2, 5, -2, 2, 64, -2, 1, 0, -2, 0, 0, 0, 3, 20, -1, 3, 80, -2, 3, 64, 1, 3, 4},
      {1, 0, 5, 1, 1, 4, 0, 1, 16, -1, 1, 64, -1, 0, 80, 1, -1, 5, 1, -2, 1, -1, -3, 0, 0, -3, 0, 1, -3, 0, -2, -1, 64, -2, -2, 0, -2, -3, 0, -2, 0, 64},
    },
    {
      {1, 1, 84, 0, 1, 80, -1, 1, 64, -1, 0, 0, -1, -1, 0, 0, -1, 0, 1, -1, 0, 3, 0, 5, 3, 1, 5, 3, -1, 1, 1, -2, 0, 2, -2, 0, 3, -2, 0, 3, 2, 4, 2, 2, 16, 1, 2, 64},
      {1, 0, 5, 1, 1, 4, 0, 1, 16, -1, 1, 64, -1, 0, 64, -1, -1, 80, 1, -1, 21, -1, -3, 0, 0, -3, 0, 1, -3, 0, 2, -2, 1, 2, -1, 4, 2, -3, 0, -2, -1, 64, -2, -2, 0, -2, -3, 0},
      {1, 0, 1, 1, 1, 5, -1, 1, 64, -1, 0, 0, -1, -1, 0, 0, -1, 0, 1, -1, 0, 1, 3, 20, 0, 3, 84, -1, 3, 80, 2, 2, 1, 2, 3, 4, 2, 1, 0, -2, 3, 64, -2, 2, 0, -2, 1, 0},
      {1, 1, 84, 0, 1, 80, -1, 1, 64, -1, 0, 0, -1, -1, 0, 0, -1, 64, 2, 1, 20, 2, -1, 5, 3, 0, 1, 3, 1, 4, 3, -1, 0, 0, -2, 0, 2, -2, 1, 0, -3, 0, 1, -3, 0, 2, -3, 0},
      {0, 1, 80, -1, 1, 64, -1, 0, 0, -1, -1, 0, 0, -1, 0, 1, -1, 0, 2, 1, 21, 2, -1, 0, 3, 0, 1, 3, 1, 4, 3, -1, 0, 2, 2, 5, 0, 2, 64, 2, 3, 4, 1, 3, 16, 0, 3, 64},
      {1, 1, 85, -1, 1, 64, -1, 0, 64, -1, -1, 0, 1, -1, 1, -1, -2, 0, 0, -2, 0, 1, -2, 0, 1, 2, 4, 0, 2, 16, -1, 2, 64, 2, 1, 20, 2, -1, 0, 3, 0, 1, 3, 1, 4, 3, -1, 0},
    },
    {
      {1, 0, 85, 1, 1, 68, 0, 1, 16, -1, 1, 64, -1, 0, 64, -1, -1, 0, -1, -2, 0, 0, -2, 0, 1, -2, 0, 2, -2, 0, 3, -1, 1, 3, 0, 5, 3, -2, 0, 3, 1, 4, 2, 1, 16},
      {1, 0, 1, -1, 1, 64, -1, 0, 0, -1, -1, 0, 0, -1, 0, 1, -1, 0, 1, 2, 84, 0, 2, 80, -1, 2, 64, 2, 2, 20, 3, 1, 5, 3, 2, 4, 3, 0, 1, 2, -1, 0, 3, -1, 0},
      {1, 0, 21, -1, 1, 64, -1, 0, 64, -1, -1, 0, -1, -2, 0, 0, -2, 0, 1, -2, 0, 2, -1, 1, 2, 0, 4, 2, -2, 0, 1, 2, 20, 0, 2, 80, -1, 2, 64, 2, 1, 1, 2, 2, 4},
      {0, 0, 80, -1, 0, 64, -1, -1, 0, -1, -2, 0, 0, -2, 0, 1, -2, 0, 2, -1, 1, 2, 0, 5, 2, -2, 0, 2, 1, 5, 2, 2, 4, 1, 2, 20, 0, 2, 80, -1, 2, 64, -1, 1, 0},
      {2, 2, 20, 1, 2, 80, 0, 2, 64, 0, 1, 0, 0, 0, 64, 1, 0, 80, 3, 1, 5, 3, 2, 4, 3, 0, 5, 3, -1, 1, 1, -2, 0, 2, -2, 0, 3, -2, 0, 0, -1, 0, 0, -2, 0},
    },
  },
};
